PopName,Sex,Year,Age,mx,qx,ax,lx,dx,Lx,Tx,ex
AR,b,1959,0,0.02738,0.02674,0.12,100000,2674,97658,7037303,70.37
AR,b,1959,1,0.00221,0.00221,0.5,97326,215,97218,6939645,71.30
AR,b,1959,2,0.00129,0.00129,0.5,97111,125,97048,6842427,70.46
AR,b,1959,3,0.00080,0.00080,0.5,96986,78,96947,6745378,69.55
AR,b,1959,4,0.00059,0.00059,0.5,96908,57,96879,6648431,68.61
AR,b,1959,5,0.00054,0.00054,0.5,96851,53,96824,6551552,67.65
AR,b,1959,6,0.00048,0.00048,0.5,96798,46,96775,6454728,66.68
AR,b,1959,7,0.00054,0.00054,0.5,96752,52,96726,6357953,65.71
AR,b,1959,8,0.00036,0.00036,0.5,96700,34,96682,6261227,64.75
AR,b,1959,9,0.00041,0.00041,0.5,96665,39,96646,6164545,63.77
AR,b,1959,10,0.00060,0.00060,0.5,96626,58,96597,6067899,62.80
AR,b,1959,11,0.00052,0.00052,0.5,96568,50,96543,5971303,61.84
AR,b,1959,12,0.00042,0.00042,0.5,96518,40,96497,5874760,60.87
AR,b,1959,13,0.00067,0.00067,0.5,96477,65,96445,5778263,59.89
AR,b,1959,14,0.00088,0.00088,0.5,96412,85,96370,5681818,58.93
AR,b,1959,15,0.00110,0.00109,0.5,96327,105,96275,5585448,57.98
AR,b,1959,16,0.00115,0.00115,0.5,96222,111,96167,5489174,57.05
AR,b,1959,17,0.00146,0.00146,0.5,96111,140,96041,5393007,56.11
AR,b,1959,18,0.00149,0.00149,0.5,95971,143,95900,5296965,55.19
AR,b,1959,19,0.00152,0.00152,0.5,95828,145,95755,5201066,54.27
AR,b,1959,20,0.00160,0.00160,0.5,95683,153,95606,5105310,53.36
AR,b,1959,21,0.00189,0.00188,0.5,95530,180,95440,5009704,52.44
AR,b,1959,22,0.00185,0.00185,0.5,95350,177,95262,4914264,51.54
AR,b,1959,23,0.00140,0.00140,0.5,95173,133,95107,4819003,50.63
AR,b,1959,24,0.00191,0.00191,0.5,95040,182,94949,4723896,49.70
AR,b,1959,25,0.00141,0.00140,0.5,94858,133,94792,4628947,48.80
AR,b,1959,26,0.00130,0.00130,0.5,94725,123,94663,4534155,47.87
AR,b,1959,27,0.00165,0.00165,0.5,94601,156,94523,4439492,46.93
AR,b,1959,28,0.00127,0.00127,0.5,94445,120,94385,4344969,46.01
AR,b,1959,29,0.00208,0.00207,0.5,94326,196,94228,4250583,45.06
AR,b,1959,30,0.00160,0.00160,0.5,94130,150,94055,4156355,44.16
AR,b,1959,31,0.00203,0.00203,0.5,93980,191,93884,4062301,43.23
AR,b,1959,32,0.00170,0.00170,0.5,93789,159,93709,3968416,42.31
AR,b,1959,33,0.00214,0.00214,0.5,93630,200,93529,3874707,41.38
AR,b,1959,34,0.00224,0.00224,0.5,93429,209,93324,3781178,40.47
AR,b,1959,35,0.00231,0.00231,0.5,93220,215,93112,3687853,39.56
AR,b,1959,36,0.00267,0.00266,0.5,93005,248,92881,3594741,38.65
AR,b,1959,37,0.00234,0.00234,0.5,92757,217,92648,3501860,37.75
AR,b,1959,38,0.00346,0.00345,0.5,92540,320,92380,3409212,36.84
AR,b,1959,39,0.00316,0.00316,0.5,92220,291,92074,3316832,35.97
AR,b,1959,40,0.00295,0.00295,0.5,91929,271,91793,3224757,35.08
AR,b,1959,41,0.00293,0.00293,0.5,91658,269,91523,3132964,34.18
AR,b,1959,42,0.00441,0.00440,0.5,91389,402,91188,3041441,33.28
AR,b,1959,43,0.00418,0.00417,0.5,90987,379,90797,2950253,32.43
AR,b,1959,44,0.00385,0.00384,0.5,90607,348,90433,2859456,31.56
AR,b,1959,45,0.00513,0.00512,0.5,90259,462,90028,2769022,30.68
AR,b,1959,46,0.00482,0.00481,0.5,89797,432,89582,2678994,29.83
AR,b,1959,47,0.00583,0.00581,0.5,89366,519,89106,2589412,28.98
AR,b,1959,48,0.00619,0.00617,0.5,88846,548,88572,2500306,28.14
AR,b,1959,49,0.00649,0.00647,0.5,88298,571,88012,2411734,27.31
AR,b,1959,50,0.00759,0.00757,0.5,87727,664,87395,2323721,26.49
AR,b,1959,51,0.00748,0.00745,0.5,87063,649,86739,2236326,25.69
AR,b,1959,52,0.00820,0.00817,0.5,86414,706,86061,2149588,24.88
AR,b,1959,53,0.00857,0.00853,0.5,85708,731,85343,2063526,24.08
AR,b,1959,54,0.01068,0.01062,0.5,84977,903,84526,1978184,23.28
AR,b,1959,55,0.00982,0.00978,0.5,84075,822,83664,1893658,22.52
AR,b,1959,56,0.01031,0.01026,0.5,83253,854,82826,1809994,21.74
AR,b,1959,57,0.01091,0.01085,0.5,82399,894,81952,1727169,20.96
AR,b,1959,58,0.01479,0.01468,0.5,81505,1197,80906,1645217,20.19
AR,b,1959,59,0.01511,0.01500,0.5,80308,1204,79706,1564311,19.48
AR,b,1959,60,0.01504,0.01493,0.5,79103,1181,78513,1484605,18.77
AR,b,1959,61,0.01751,0.01736,0.5,77922,1352,77246,1406092,18.04
AR,b,1959,62,0.01961,0.01942,0.5,76570,1487,75826,1328846,17.35
AR,b,1959,63,0.01948,0.01930,0.5,75083,1449,74359,1253020,16.69
AR,b,1959,64,0.01985,0.01965,0.5,73634,1447,72911,1178661,16.01
AR,b,1959,65,0.02369,0.02341,0.5,72187,1690,71342,1105750,15.32
AR,b,1959,66,0.02522,0.02490,0.5,70497,1756,69620,1034408,14.67
AR,b,1959,67,0.02949,0.02906,0.5,68742,1998,67743,964789,14.03
AR,b,1959,68,0.02944,0.02901,0.5,66744,1936,65776,897046,13.44
AR,b,1959,69,0.03234,0.03183,0.5,64808,2063,63776,831270,12.83
AR,b,1959,70,0.03650,0.03585,0.5,62745,2249,61620,767494,12.23
AR,b,1959,71,0.03388,0.03331,0.5,60496,2015,59488,705873,11.67
AR,b,1959,72,0.04190,0.04104,0.5,58481,2400,57281,646385,11.05
AR,b,1959,73,0.04760,0.04649,0.5,56081,2607,54777,589105,10.50
AR,b,1959,74,0.04942,0.04823,0.5,53473,2579,52184,534328,9.99
AR,b,1959,75,0.05781,0.05619,0.5,50894,2860,49465,482144,9.47
AR,b,1959,76,0.04908,0.04790,0.5,48035,2301,46884,432679,9.01
AR,b,1959,77,0.06636,0.06423,0.5,45734,2937,44265,385795,8.44
AR,b,1959,78,0.06914,0.06683,0.5,42796,2860,41366,341530,7.98
AR,b,1959,79,0.08174,0.07853,0.5,39936,3136,38368,300164,7.52
AR,b,1959,80,0.09346,0.08928,0.5,36800,3286,35157,261796,7.11
AR,b,1959,81,0.08900,0.08520,0.5,33514,2856,32086,226639,6.76
AR,b,1959,82,0.10525,0.09998,0.5,30659,3065,29126,194552,6.35
AR,b,1959,83,0.11130,0.10543,0.5,27593,2909,26139,165426,6.00
AR,b,1959,84,0.13789,0.12900,0.5,24684,3184,23092,139287,5.64
AR,b,1959,85,0.13177,0.12363,0.5,21500,2658,20171,116195,5.40
AR,b,1959,86,0.16051,0.14859,0.5,18842,2800,17442,96025,5.10
AR,b,1959,87,0.16474,0.15221,0.5,16042,2442,14821,78582,4.90
AR,b,1959,88,0.16704,0.15416,0.5,13600,2097,12552,63761,4.69
AR,b,1959,89,0.17884,0.16416,0.5,11504,1888,10560,51209,4.45
AR,b,1959,90,0.19128,0.17458,0.5,9615,1679,8776,40649,4.23
AR,b,1959,91,0.20437,0.18542,0.5,7937,1472,7201,31873,4.02
AR,b,1959,92,0.21811,0.19666,0.5,6465,1271,5829,24672,3.82
AR,b,1959,93,0.23249,0.20828,0.5,5194,1082,4653,18843,3.63
AR,b,1959,94,0.24751,0.22025,0.5,4112,906,3659,14190,3.45
AR,b,1959,95,0.26314,0.23254,0.5,3206,746,2833,10531,3.28
AR,b,1959,96,0.27937,0.24513,0.5,2461,603,2159,7698,3.13
AR,b,1959,97,0.29618,0.25797,0.5,1857,479,1618,5539,2.98
AR,b,1959,98,0.31351,0.27103,0.5,1378,374,1192,3921,2.84
AR,b,1959,99,0.33135,0.28425,0.5,1005,286,862,2729,2.72
AR,b,1959,100,0.34963,0.29760,0.5,719,214,612,1867,2.60
AR,b,1959,101,0.36830,0.31103,0.5,505,157,427,1255,2.48
AR,b,1959,102,0.38732,0.32448,0.5,348,113,292,829,2.38
AR,b,1959,103,0.40662,0.33792,0.5,235,79,195,537,2.28
AR,b,1959,104,0.42613,0.35128,0.5,156,55,128,342,2.19
AR,b,1959,105,0.44578,0.36453,0.5,101,37,83,213,2.11
AR,b,1959,106,0.46552,0.37763,0.5,64,24,52,131,2.04
AR,b,1959,107,0.48527,0.39052,0.5,40,16,32,79,1.97
AR,b,1959,108,0.50497,0.40317,0.5,24,10,19,47,1.91
AR,b,1959,109,0.52454,0.41555,0.5,15,6,12,27,1.87
AR,b,1959,110+,0.54393,1.00000,1.84,8,8,16,16,1.84
AR,b,1960,0,0.02802,0.02735,0.13,100000,2735,97610,6988819,69.89
AR,b,1960,1,0.00245,0.00245,0.5,97265,238,97146,6891210,70.85
AR,b,1960,2,0.00131,0.00131,0.5,97026,127,96963,6794064,70.02
AR,b,1960,3,0.00096,0.00096,0.5,96899,93,96853,6697101,69.11
AR,b,1960,4,0.00101,0.00101,0.5,96807,98,96758,6600248,68.18
AR,b,1960,5,0.00082,0.00082,0.5,96709,80,96669,6503491,67.25
AR,b,1960,6,0.00070,0.00070,0.5,96629,67,96595,6406822,66.30
AR,b,1960,7,0.00064,0.00064,0.5,96562,61,96531,6310227,65.35
AR,b,1960,8,0.00051,0.00051,0.5,96500,50,96475,6213696,64.39
AR,b,1960,9,0.00063,0.00063,0.5,96451,61,96420,6117220,63.42
AR,b,1960,10,0.00046,0.00046,0.5,96390,45,96368,6020800,62.46
AR,b,1960,11,0.00029,0.00029,0.5,96345,28,96331,5924433,61.49
AR,b,1960,12,0.00050,0.00050,0.5,96317,48,96293,5828101,60.51
AR,b,1960,13,0.00079,0.00079,0.5,96269,76,96231,5731808,59.54
AR,b,1960,14,0.00068,0.00068,0.5,96193,65,96160,5635577,58.59
AR,b,1960,15,0.00113,0.00113,0.5,96128,109,96074,5539416,57.63
AR,b,1960,16,0.00111,0.00111,0.5,96019,106,95966,5443343,56.69
AR,b,1960,17,0.00151,0.00151,0.5,95913,145,95841,5347376,55.75
AR,b,1960,18,0.00144,0.00144,0.5,95768,138,95700,5251536,54.84
AR,b,1960,19,0.00126,0.00126,0.5,95631,121,95570,5155836,53.91
AR,b,1960,20,0.00130,0.00130,0.5,95510,124,95448,5060266,52.98
AR,b,1960,21,0.00165,0.00165,0.5,95386,157,95307,4964818,52.05
AR,b,1960,22,0.00109,0.00109,0.5,95229,104,95177,4869510,51.13
AR,b,1960,23,0.00175,0.00175,0.5,95125,166,95042,4774333,50.19
AR,b,1960,24,0.00162,0.00162,0.5,94958,153,94882,4679292,49.28
AR,b,1960,25,0.00154,0.00154,0.5,94805,146,94732,4584410,48.36
AR,b,1960,26,0.00135,0.00135,0.5,94659,128,94595,4489678,47.43
AR,b,1960,27,0.00174,0.00174,0.5,94531,164,94449,4395083,46.49
AR,b,1960,28,0.00143,0.00143,0.5,94367,135,94300,4300634,45.57
AR,b,1960,29,0.00209,0.00209,0.5,94232,197,94134,4206334,44.64
AR,b,1960,30,0.00191,0.00191,0.5,94035,180,93945,4112201,43.73
AR,b,1960,31,0.00202,0.00202,0.5,93856,189,93761,4018255,42.81
AR,b,1960,32,0.00151,0.00151,0.5,93666,141,93595,3924494,41.90
AR,b,1960,33,0.00175,0.00175,0.5,93525,164,93443,3830899,40.96
AR,b,1960,34,0.00200,0.00200,0.5,93361,186,93268,3737456,40.03
AR,b,1960,35,0.00244,0.00243,0.5,93175,227,93062,3644188,39.11
AR,b,1960,36,0.00207,0.00207,0.5,92948,192,92852,3551126,38.21
AR,b,1960,37,0.00223,0.00223,0.5,92756,207,92652,3458274,37.28
AR,b,1960,38,0.00292,0.00292,0.5,92549,270,92414,3365622,36.37
AR,b,1960,39,0.00256,0.00256,0.5,92279,236,92161,3273208,35.47
AR,b,1960,40,0.00331,0.00330,0.5,92043,304,91891,3181047,34.56
AR,b,1960,41,0.00314,0.00313,0.5,91739,287,91595,3089156,33.67
AR,b,1960,42,0.00408,0.00407,0.5,91452,372,91266,2997561,32.78
AR,b,1960,43,0.00389,0.00388,0.5,91079,353,90903,2906295,31.91
AR,b,1960,44,0.00439,0.00438,0.5,90726,397,90528,2815392,31.03
AR,b,1960,45,0.00481,0.00480,0.5,90329,434,90112,2724864,30.17
AR,b,1960,46,0.00416,0.00415,0.5,89895,373,89709,2634752,29.31
AR,b,1960,47,0.00568,0.00566,0.5,89523,507,89269,2545043,28.43
AR,b,1960,48,0.00599,0.00598,0.5,89016,532,88750,2455774,27.59
AR,b,1960,49,0.00631,0.00629,0.5,88484,557,88205,2367024,26.75
AR,b,1960,50,0.00770,0.00767,0.5,87927,675,87590,2278819,25.92
AR,b,1960,51,0.00801,0.00798,0.5,87252,696,86904,2191229,25.11
AR,b,1960,52,0.00935,0.00931,0.5,86556,805,86153,2104325,24.31
AR,b,1960,53,0.00997,0.00992,0.5,85751,851,85325,2018172,23.54
AR,b,1960,54,0.01069,0.01064,0.5,84900,903,84448,1932847,22.77
AR,b,1960,55,0.01154,0.01147,0.5,83996,964,83515,1848399,22.01
AR,b,1960,56,0.01146,0.01140,0.5,83033,946,82560,1764884,21.26
AR,b,1960,57,0.01233,0.01226,0.5,82087,1006,81584,1682325,20.49
AR,b,1960,58,0.01298,0.01290,0.5,81081,1046,80558,1600741,19.74
AR,b,1960,59,0.01573,0.01561,0.5,80035,1249,79410,1520183,18.99
AR,b,1960,60,0.01774,0.01758,0.5,78785,1385,78093,1440774,18.29
AR,b,1960,61,0.01722,0.01707,0.5,77400,1321,76740,1362681,17.61
AR,b,1960,62,0.01907,0.01889,0.5,76079,1437,75360,1285941,16.90
AR,b,1960,63,0.02269,0.02244,0.5,74642,1675,73805,1210581,16.22
AR,b,1960,64,0.02500,0.02469,0.5,72967,1802,72066,1136776,15.58
AR,b,1960,65,0.02288,0.02262,0.5,71166,1610,70361,1064710,14.96
AR,b,1960,66,0.02823,0.02784,0.5,69556,1936,68588,994349,14.30
AR,b,1960,67,0.03076,0.03030,0.5,67620,2049,66595,925761,13.69
AR,b,1960,68,0.03062,0.03016,0.5,65571,1977,64582,859166,13.10
AR,b,1960,69,0.03380,0.03324,0.5,63593,2114,62537,794584,12.49
AR,b,1960,70,0.04292,0.04201,0.5,61480,2583,60188,732047,11.91
AR,b,1960,71,0.03638,0.03573,0.5,58896,2104,57844,671859,11.41
AR,b,1960,72,0.04227,0.04139,0.5,56792,2351,55617,614015,10.81
AR,b,1960,73,0.04669,0.04563,0.5,54441,2484,53199,558398,10.26
AR,b,1960,74,0.05207,0.05075,0.5,51957,2637,50639,505199,9.72
AR,b,1960,75,0.05550,0.05400,0.5,49320,2663,47989,454560,9.22
AR,b,1960,76,0.05902,0.05733,0.5,46657,2675,45320,406571,8.71
AR,b,1960,77,0.06740,0.06520,0.5,43982,2868,42549,361251,8.21
AR,b,1960,78,0.06885,0.06655,0.5,41115,2736,39746,318703,7.75
AR,b,1960,79,0.08169,0.07848,0.5,38378,3012,36872,278956,7.27
AR,b,1960,80,0.09874,0.09409,0.5,35366,3328,33702,242084,6.85
AR,b,1960,81,0.08459,0.08116,0.5,32038,2600,30738,208382,6.50
AR,b,1960,82,0.11435,0.10817,0.5,29438,3184,27846,177644,6.03
AR,b,1960,83,0.11218,0.10622,0.5,26254,2789,24860,149797,5.71
AR,b,1960,84,0.13722,0.12841,0.5,23465,3013,21959,124938,5.32
AR,b,1960,85,0.15146,0.14080,0.5,20452,2880,19012,102979,5.04
AR,b,1960,86,0.15120,0.14057,0.5,17573,2470,16337,83967,4.78
AR,b,1960,87,0.18853,0.17229,0.5,15102,2602,13801,67629,4.48
AR,b,1960,88,0.18096,0.16595,0.5,12500,2074,11463,53828,4.31
AR,b,1960,89,0.19549,0.17808,0.5,10426,1857,9498,42365,4.06
AR,b,1960,90,0.21089,0.19077,0.5,8569,1635,7752,32867,3.84
AR,b,1960,91,0.22716,0.20399,0.5,6935,1415,6227,25115,3.62
AR,b,1960,92,0.24430,0.21771,0.5,5520,1202,4919,18888,3.42
AR,b,1960,93,0.26229,0.23188,0.5,4318,1001,3818,13969,3.23
AR,b,1960,94,0.28112,0.24648,0.5,3317,818,2908,10151,3.06
AR,b,1960,95,0.30076,0.26144,0.5,2499,653,2173,7243,2.90
AR,b,1960,96,0.32115,0.27672,0.5,1846,511,1591,5070,2.75
AR,b,1960,97,0.34225,0.29224,0.5,1335,390,1140,3480,2.61
AR,b,1960,98,0.36399,0.30795,0.5,945,291,799,2340,2.48
AR,b,1960,99,0.38630,0.32377,0.5,654,212,548,1540,2.36
AR,b,1960,100,0.40910,0.33963,0.5,442,150,367,992,2.24
AR,b,1960,101,0.43229,0.35546,0.5,292,104,240,625,2.14
AR,b,1960,102,0.45578,0.37119,0.5,188,70,153,385,2.05
AR,b,1960,103,0.47945,0.38674,0.5,118,46,95,232,1.96
AR,b,1960,104,0.50322,0.40206,0.5,73,29,58,136,1.88
AR,b,1960,105,0.52696,0.41707,0.5,43,18,34,78,1.80
AR,b,1960,106,0.55056,0.43172,0.5,25,11,20,44,1.74
AR,b,1960,107,0.57393,0.44596,0.5,14,6,11,24,1.68
AR,b,1960,108,0.59696,0.45974,0.5,8,4,6,13,1.63
AR,b,1960,109,0.61955,0.47302,0.5,4,2,3,7,1.58
AR,b,1960,110+,0.64163,1.00000,1.56,2,2,4,4,1.56
AR,b,1961,0,0.02828,0.02760,0.13,100000,2760,97589,7047046,70.47
AR,b,1961,1,0.00204,0.00204,0.5,97240,198,97141,6949457,71.47
AR,b,1961,2,0.00146,0.00146,0.5,97042,141,96971,6852316,70.61
AR,b,1961,3,0.00067,0.00067,0.5,96900,65,96868,6755345,69.71
AR,b,1961,4,0.00098,0.00098,0.5,96836,95,96788,6658477,68.76
AR,b,1961,5,0.00062,0.00062,0.5,96741,60,96711,6561689,67.83
AR,b,1961,6,0.00057,0.00057,0.5,96681,55,96653,6464978,66.87
AR,b,1961,7,0.00044,0.00044,0.5,96626,42,96605,6368325,65.91
AR,b,1961,8,0.00042,0.00042,0.5,96583,41,96563,6271720,64.94
AR,b,1961,9,0.00062,0.00062,0.5,96542,60,96512,6175158,63.96
AR,b,1961,10,0.00047,0.00047,0.5,96482,45,96459,6078645,63.00
AR,b,1961,11,0.00044,0.00044,0.5,96437,42,96416,5982186,62.03
AR,b,1961,12,0.00046,0.00046,0.5,96394,44,96372,5885770,61.06
AR,b,1961,13,0.00040,0.00040,0.5,96350,39,96331,5789398,60.09
AR,b,1961,14,0.00073,0.00073,0.5,96312,70,96277,5693067,59.11
AR,b,1961,15,0.00078,0.00078,0.5,96241,75,96204,5596791,58.15
AR,b,1961,16,0.00110,0.00110,0.5,96166,106,96113,5500587,57.20
AR,b,1961,17,0.00114,0.00114,0.5,96060,109,96006,5404474,56.26
AR,b,1961,18,0.00132,0.00132,0.5,95951,126,95888,5308468,55.32
AR,b,1961,19,0.00122,0.00122,0.5,95825,116,95766,5212580,54.40
AR,b,1961,20,0.00128,0.00128,0.5,95708,122,95647,5116813,53.46
AR,b,1961,21,0.00189,0.00189,0.5,95586,181,95496,5021166,52.53
AR,b,1961,22,0.00123,0.00123,0.5,95405,117,95347,4925670,51.63
AR,b,1961,23,0.00175,0.00175,0.5,95288,166,95205,4830324,50.69
AR,b,1961,24,0.00159,0.00159,0.5,95122,151,95046,4735119,49.78
AR,b,1961,25,0.00081,0.00081,0.5,94971,77,94932,4640072,48.86
AR,b,1961,26,0.00127,0.00127,0.5,94894,121,94834,4545140,47.90
AR,b,1961,27,0.00167,0.00167,0.5,94773,158,94695,4450306,46.96
AR,b,1961,28,0.00205,0.00205,0.5,94616,194,94518,4355612,46.03
AR,b,1961,29,0.00148,0.00148,0.5,94421,140,94352,4261093,45.13
AR,b,1961,30,0.00164,0.00164,0.5,94282,155,94204,4166742,44.19
AR,b,1961,31,0.00222,0.00222,0.5,94127,209,94023,4072537,43.27
AR,b,1961,32,0.00196,0.00195,0.5,93918,184,93826,3978515,42.36
AR,b,1961,33,0.00150,0.00150,0.5,93735,141,93664,3884688,41.44
AR,b,1961,34,0.00154,0.00154,0.5,93594,144,93521,3791024,40.51
AR,b,1961,35,0.00185,0.00184,0.5,93449,172,93363,3697503,39.57
AR,b,1961,36,0.00234,0.00233,0.5,93277,218,93168,3604140,38.64
AR,b,1961,37,0.00303,0.00303,0.5,93059,282,92918,3510972,37.73
AR,b,1961,38,0.00271,0.00271,0.5,92778,251,92652,3418054,36.84
AR,b,1961,39,0.00301,0.00301,0.5,92526,278,92387,3325402,35.94
AR,b,1961,40,0.00299,0.00298,0.5,92248,275,92110,3233015,35.05
AR,b,1961,41,0.00320,0.00320,0.5,91973,294,91826,3140905,34.15
AR,b,1961,42,0.00308,0.00308,0.5,91679,282,91538,3049079,33.26
AR,b,1961,43,0.00456,0.00455,0.5,91397,416,91189,2957541,32.36
AR,b,1961,44,0.00497,0.00496,0.5,90980,451,90755,2866353,31.51
AR,b,1961,45,0.00503,0.00502,0.5,90529,454,90302,2775598,30.66
AR,b,1961,46,0.00391,0.00390,0.5,90075,352,89899,2685296,29.81
AR,b,1961,47,0.00548,0.00547,0.5,89723,491,89478,2595397,28.93
AR,b,1961,48,0.00606,0.00605,0.5,89232,539,88963,2505920,28.08
AR,b,1961,49,0.00606,0.00604,0.5,88693,535,88425,2416957,27.25
AR,b,1961,50,0.00779,0.00776,0.5,88157,684,87815,2328532,26.41
AR,b,1961,51,0.00772,0.00769,0.5,87473,672,87137,2240717,25.62
AR,b,1961,52,0.00884,0.00881,0.5,86801,764,86419,2153579,24.81
AR,b,1961,53,0.00876,0.00872,0.5,86037,751,85662,2067160,24.03
AR,b,1961,54,0.00962,0.00958,0.5,85286,817,84878,1981499,23.23
AR,b,1961,55,0.01055,0.01049,0.5,84470,886,84026,1896621,22.45
AR,b,1961,56,0.01196,0.01189,0.5,83583,994,83086,1812595,21.69
AR,b,1961,57,0.01139,0.01133,0.5,82589,935,82122,1729508,20.94
AR,b,1961,58,0.01279,0.01271,0.5,81654,1038,81135,1647386,20.18
AR,b,1961,59,0.01053,0.01047,0.5,80616,844,80194,1566251,19.43
AR,b,1961,60,0.01585,0.01572,0.5,79772,1254,79145,1486057,18.63
AR,b,1961,61,0.01631,0.01618,0.5,78518,1270,77883,1406912,17.92
AR,b,1961,62,0.02069,0.02048,0.5,77247,1582,76456,1329030,17.20
AR,b,1961,63,0.01838,0.01821,0.5,75665,1378,74976,1252573,16.55
AR,b,1961,64,0.02517,0.02486,0.5,74287,1846,73364,1177597,15.85
AR,b,1961,65,0.02723,0.02686,0.5,72441,1946,71468,1104232,15.24
AR,b,1961,66,0.02528,0.02496,0.5,70495,1760,69615,1032764,14.65
AR,b,1961,67,0.03004,0.02960,0.5,68736,2034,67718,963149,14.01
AR,b,1961,68,0.03072,0.03026,0.5,66701,2018,65692,895431,13.42
AR,b,1961,69,0.03162,0.03113,0.5,64683,2014,63676,829738,12.83
AR,b,1961,70,0.03698,0.03631,0.5,62670,2276,61532,766062,12.22
AR,b,1961,71,0.03774,0.03704,0.5,60394,2237,59275,704530,11.67
AR,b,1961,72,0.04168,0.04082,0.5,58157,2374,56970,645255,11.10
AR,b,1961,73,0.04560,0.04459,0.5,55782,2487,54539,588286,10.55
AR,b,1961,74,0.04792,0.04680,0.5,53295,2494,52048,533747,10.01
AR,b,1961,75,0.05734,0.05574,0.5,50801,2832,49385,481699,9.48
AR,b,1961,76,0.05467,0.05322,0.5,47969,2553,46693,432314,9.01
AR,b,1961,77,0.06062,0.05884,0.5,45417,2672,44080,385621,8.49
AR,b,1961,78,0.06870,0.06642,0.5,42744,2839,41325,341540,7.99
AR,b,1961,79,0.06794,0.06570,0.5,39905,2622,38594,300215,7.52
AR,b,1961,80,0.08716,0.08352,0.5,37283,3114,35726,261621,7.02
AR,b,1961,81,0.08659,0.08299,0.5,34169,2836,32752,225895,6.61
AR,b,1961,82,0.10109,0.09623,0.5,31334,3015,29826,193143,6.16
AR,b,1961,83,0.11825,0.11165,0.5,28318,3162,26738,163317,5.77
AR,b,1961,84,0.13049,0.12250,0.5,25157,3082,23616,136579,5.43
AR,b,1961,85,0.14324,0.13367,0.5,22075,2951,20600,112963,5.12
AR,b,1961,86,0.16753,0.15458,0.5,19124,2956,17646,92364,4.83
AR,b,1961,87,0.16683,0.15398,0.5,16168,2490,14923,74718,4.62
AR,b,1961,88,0.18150,0.16640,0.5,13678,2276,12540,59794,4.37
AR,b,1961,89,0.18953,0.17312,0.5,11402,1974,10415,47254,4.14
AR,b,1961,90,0.20492,0.18588,0.5,9428,1753,8552,36839,3.91
AR,b,1961,91,0.22123,0.19919,0.5,7676,1529,6911,28287,3.69
AR,b,1961,92,0.23844,0.21304,0.5,6147,1310,5492,21375,3.48
AR,b,1961,93,0.25654,0.22738,0.5,4837,1100,4287,15883,3.28
AR,b,1961,94,0.27552,0.24216,0.5,3737,905,3285,11596,3.10
AR,b,1961,95,0.29535,0.25735,0.5,2832,729,2468,8311,2.93
AR,b,1961,96,0.31598,0.27287,0.5,2103,574,1816,5843,2.78
AR,b,1961,97,0.33736,0.28867,0.5,1529,442,1309,4026,2.63
AR,b,1961,98,0.35943,0.30468,0.5,1088,331,922,2718,2.50
AR,b,1961,99,0.38211,0.32082,0.5,756,243,635,1795,2.37
AR,b,1961,100,0.40531,0.33701,0.5,514,173,427,1160,2.26
AR,b,1961,101,0.42895,0.35320,0.5,341,120,280,733,2.15
AR,b,1961,102,0.45292,0.36929,0.5,220,81,180,453,2.05
AR,b,1961,103,0.47711,0.38521,0.5,139,54,112,273,1.96
AR,b,1961,104,0.50141,0.40090,0.5,85,34,68,161,1.88
AR,b,1961,105,0.52570,0.41628,0.5,51,21,41,92,1.81
AR,b,1961,106,0.54989,0.43130,0.5,30,13,23,52,1.74
AR,b,1961,107,0.57384,0.44590,0.5,17,8,13,28,1.68
AR,b,1961,108,0.59746,0.46003,0.5,9,4,7,15,1.62
AR,b,1961,109,0.62064,0.47365,0.5,5,2,4,8,1.58
AR,b,1961,110+,0.64329,1.00000,1.55,3,3,4,4,1.55
AR,b,1962,0,0.02982,0.02907,0.13,100000,2907,97477,6976755,69.77
AR,b,1962,1,0.00234,0.00234,0.5,97093,227,96980,6879278,70.85
AR,b,1962,2,0.00138,0.00138,0.5,96866,133,96799,6782298,70.02
AR,b,1962,3,0.00100,0.00100,0.5,96733,96,96684,6685499,69.11
AR,b,1962,4,0.00095,0.00095,0.5,96636,92,96590,6588814,68.18
AR,b,1962,5,0.00077,0.00077,0.5,96544,75,96507,6492224,67.25
AR,b,1962,6,0.00067,0.00067,0.5,96469,65,96437,6395718,66.30
AR,b,1962,7,0.00049,0.00049,0.5,96405,47,96381,6299281,65.34
AR,b,1962,8,0.00060,0.00060,0.5,96358,57,96329,6202899,64.37
AR,b,1962,9,0.00053,0.00053,0.5,96300,51,96275,6106571,63.41
AR,b,1962,10,0.00046,0.00046,0.5,96249,44,96227,6010296,62.45
AR,b,1962,11,0.00047,0.00047,0.5,96205,46,96182,5914069,61.47
AR,b,1962,12,0.00056,0.00056,0.5,96159,54,96132,5817887,60.50
AR,b,1962,13,0.00080,0.00080,0.5,96105,77,96067,5721755,59.54
AR,b,1962,14,0.00068,0.00068,0.5,96029,65,95996,5625688,58.58
AR,b,1962,15,0.00075,0.00075,0.5,95963,72,95927,5529693,57.62
AR,b,1962,16,0.00090,0.00090,0.5,95891,86,95848,5433765,56.67
AR,b,1962,17,0.00104,0.00104,0.5,95806,100,95756,5337917,55.72
AR,b,1962,18,0.00130,0.00130,0.5,95706,124,95644,5242161,54.77
AR,b,1962,19,0.00099,0.00099,0.5,95582,95,95534,5146517,53.84
AR,b,1962,20,0.00161,0.00161,0.5,95487,153,95410,5050983,52.90
AR,b,1962,21,0.00154,0.00154,0.5,95334,147,95260,4955573,51.98
AR,b,1962,22,0.00150,0.00149,0.5,95187,142,95116,4860313,51.06
AR,b,1962,23,0.00152,0.00152,0.5,95044,144,94972,4765197,50.14
AR,b,1962,24,0.00150,0.00150,0.5,94900,142,94829,4670225,49.21
AR,b,1962,25,0.00148,0.00148,0.5,94758,140,94687,4575396,48.29
AR,b,1962,26,0.00161,0.00160,0.5,94617,152,94541,4480708,47.36
AR,b,1962,27,0.00132,0.00132,0.5,94466,124,94403,4386167,46.43
AR,b,1962,28,0.00144,0.00144,0.5,94341,136,94273,4291764,45.49
AR,b,1962,29,0.00210,0.00210,0.5,94205,197,94106,4197491,44.56
AR,b,1962,30,0.00158,0.00158,0.5,94007,149,93933,4103384,43.65
AR,b,1962,31,0.00196,0.00196,0.5,93859,184,93767,4009451,42.72
AR,b,1962,32,0.00226,0.00226,0.5,93675,211,93570,3915684,41.80
AR,b,1962,33,0.00189,0.00189,0.5,93464,177,93376,3822115,40.89
AR,b,1962,34,0.00232,0.00232,0.5,93287,216,93179,3728739,39.97
AR,b,1962,35,0.00218,0.00218,0.5,93071,203,92969,3635560,39.06
AR,b,1962,36,0.00213,0.00213,0.5,92868,198,92769,3542591,38.15
AR,b,1962,37,0.00305,0.00304,0.5,92670,282,92529,3449822,37.23
AR,b,1962,38,0.00307,0.00307,0.5,92388,284,92246,3357293,36.34
AR,b,1962,39,0.00324,0.00324,0.5,92105,298,91955,3265047,35.45
AR,b,1962,40,0.00286,0.00286,0.5,91806,263,91675,3173091,34.56
AR,b,1962,41,0.00383,0.00382,0.5,91544,350,91369,3081416,33.66
AR,b,1962,42,0.00383,0.00383,0.5,91194,349,91020,2990047,32.79
AR,b,1962,43,0.00459,0.00458,0.5,90845,416,90637,2899027,31.91
AR,b,1962,44,0.00391,0.00390,0.5,90429,353,90252,2808390,31.06
AR,b,1962,45,0.00503,0.00502,0.5,90076,452,89850,2718138,30.18
AR,b,1962,46,0.00533,0.00531,0.5,89624,476,89386,2628288,29.33
AR,b,1962,47,0.00544,0.00543,0.5,89148,484,88906,2538902,28.48
AR,b,1962,48,0.00582,0.00580,0.5,88664,515,88407,2449996,27.63
AR,b,1962,49,0.00772,0.00769,0.5,88149,678,87810,2361589,26.79
AR,b,1962,50,0.00767,0.00764,0.5,87471,669,87137,2273779,25.99
AR,b,1962,51,0.00725,0.00722,0.5,86803,627,86489,2186642,25.19
AR,b,1962,52,0.00971,0.00966,0.5,86176,832,85760,2100152,24.37
AR,b,1962,53,0.00880,0.00876,0.5,85344,747,84970,2014392,23.60
AR,b,1962,54,0.01044,0.01039,0.5,84596,879,84157,1929422,22.81
AR,b,1962,55,0.01140,0.01134,0.5,83717,949,83243,1845265,22.04
AR,b,1962,56,0.01263,0.01255,0.5,82768,1039,82249,1762022,21.29
AR,b,1962,57,0.01316,0.01307,0.5,81730,1068,81195,1679773,20.55
AR,b,1962,58,0.01328,0.01319,0.5,80661,1064,80129,1598578,19.82
AR,b,1962,59,0.01368,0.01359,0.5,79597,1082,79056,1518449,19.08
AR,b,1962,60,0.01427,0.01417,0.5,78515,1112,77959,1439392,18.33
AR,b,1962,61,0.01725,0.01711,0.5,77403,1324,76741,1361433,17.59
AR,b,1962,62,0.02327,0.02300,0.5,76079,1750,75204,1284692,16.89
AR,b,1962,63,0.02035,0.02014,0.5,74329,1497,73580,1209489,16.27
AR,b,1962,64,0.02138,0.02115,0.5,72832,1541,72061,1135908,15.60
AR,b,1962,65,0.02582,0.02549,0.5,71291,1817,70382,1063847,14.92
AR,b,1962,66,0.02824,0.02785,0.5,69474,1935,68506,993464,14.30
AR,b,1962,67,0.02529,0.02497,0.5,67539,1687,66696,924958,13.70
AR,b,1962,68,0.02947,0.02905,0.5,65852,1913,64896,858262,13.03
AR,b,1962,69,0.03583,0.03520,0.5,63940,2251,62814,793366,12.41
AR,b,1962,70,0.03684,0.03618,0.5,61689,2232,60573,730552,11.84
AR,b,1962,71,0.03811,0.03740,0.5,59457,2224,58346,669979,11.27
AR,b,1962,72,0.04705,0.04597,0.5,57234,2631,55918,611633,10.69
AR,b,1962,73,0.05115,0.04987,0.5,54603,2723,53241,555715,10.18
AR,b,1962,74,0.05022,0.04899,0.5,51879,2541,50609,502474,9.69
AR,b,1962,75,0.05729,0.05570,0.5,49338,2748,47964,451865,9.16
AR,b,1962,76,0.06002,0.05827,0.5,46590,2715,45233,403901,8.67
AR,b,1962,77,0.06390,0.06192,0.5,43875,2717,42517,358668,8.17
AR,b,1962,78,0.07011,0.06774,0.5,41159,2788,39765,316151,7.68
AR,b,1962,79,0.07895,0.07596,0.5,38371,2914,36913,276386,7.20
AR,b,1962,80,0.09209,0.08804,0.5,35456,3121,33895,239473,6.75
AR,b,1962,81,0.09926,0.09457,0.5,32335,3058,30806,205578,6.36
AR,b,1962,82,0.11163,0.10572,0.5,29277,3095,27729,174772,5.97
AR,b,1962,83,0.11480,0.10857,0.5,26182,2843,24760,147043,5.62
AR,b,1962,84,0.13532,0.12675,0.5,23339,2958,21860,122282,5.24
AR,b,1962,85,0.13975,0.13062,0.5,20381,2662,19050,100423,4.93
AR,b,1962,86,0.16619,0.15344,0.5,17719,2719,16359,81373,4.59
AR,b,1962,87,0.18014,0.16525,0.5,15000,2479,13761,65014,4.33
AR,b,1962,88,0.21666,0.19549,0.5,12521,2448,11297,51253,4.09
AR,b,1962,89,0.20056,0.18228,0.5,10073,1836,9155,39956,3.97
AR,b,1962,90,0.21677,0.19557,0.5,8237,1611,7432,30800,3.74
AR,b,1962,91,0.23389,0.20940,0.5,6626,1388,5932,23369,3.53
AR,b,1962,92,0.25191,0.22373,0.5,5239,1172,4653,17436,3.33
AR,b,1962,93,0.27082,0.23852,0.5,4067,970,3582,12784,3.14
AR,b,1962,94,0.29058,0.25372,0.5,3097,786,2704,9202,2.97
AR,b,1962,95,0.31114,0.26925,0.5,2311,622,2000,6498,2.81
AR,b,1962,96,0.33246,0.28507,0.5,1689,481,1448,4498,2.66
AR,b,1962,97,0.35447,0.30111,0.5,1207,364,1026,3050,2.53
AR,b,1962,98,0.37710,0.31728,0.5,844,268,710,2025,2.40
AR,b,1962,99,0.40025,0.33351,0.5,576,192,480,1315,2.28
AR,b,1962,100,0.42384,0.34972,0.5,384,134,317,835,2.17
AR,b,1962,101,0.44776,0.36585,0.5,250,91,204,518,2.07
AR,b,1962,102,0.47190,0.38181,0.5,158,60,128,314,1.98
AR,b,1962,103,0.49616,0.39754,0.5,98,39,78,186,1.90
AR,b,1962,104,0.52042,0.41296,0.5,59,24,47,107,1.82
AR,b,1962,105,0.54457,0.42803,0.5,35,15,27,61,1.75
AR,b,1962,106,0.56850,0.44267,0.5,20,9,15,33,1.69
AR,b,1962,107,0.59210,0.45685,0.5,11,5,9,18,1.63
AR,b,1962,108,0.61528,0.47052,0.5,6,3,5,9,1.58
AR,b,1962,109,0.63793,0.48366,0.5,3,2,2,5,1.54
AR,b,1962,110+,0.65998,1.00000,1.52,2,2,2,2,1.52
AR,b,1963,0,0.02912,0.02840,0.13,100000,2840,97527,6956901,69.57
AR,b,1963,1,0.00221,0.00221,0.5,97160,215,97053,6859374,70.60
AR,b,1963,2,0.00154,0.00154,0.5,96946,149,96871,6762321,69.75
AR,b,1963,3,0.00100,0.00100,0.5,96797,96,96748,6665450,68.86
AR,b,1963,4,0.00097,0.00097,0.5,96700,94,96653,6568702,67.93
AR,b,1963,5,0.00075,0.00075,0.5,96606,72,96570,6472048,66.99
AR,b,1963,6,0.00039,0.00039,0.5,96534,37,96515,6375478,66.04
AR,b,1963,7,0.00054,0.00054,0.5,96497,52,96470,6278963,65.07
AR,b,1963,8,0.00054,0.00054,0.5,96444,52,96418,6182493,64.10
AR,b,1963,9,0.00034,0.00034,0.5,96392,32,96376,6086075,63.14
AR,b,1963,10,0.00040,0.00040,0.5,96360,38,96341,5989699,62.16
AR,b,1963,11,0.00049,0.00049,0.5,96321,47,96298,5893358,61.18
AR,b,1963,12,0.00053,0.00053,0.5,96274,51,96248,5797061,60.21
AR,b,1963,13,0.00071,0.00071,0.5,96223,68,96188,5700812,59.25
AR,b,1963,14,0.00081,0.00081,0.5,96154,78,96115,5604624,58.29
AR,b,1963,15,0.00078,0.00078,0.5,96076,75,96038,5508509,57.33
AR,b,1963,16,0.00111,0.00111,0.5,96001,107,95947,5412471,56.38
AR,b,1963,17,0.00099,0.00099,0.5,95894,94,95847,5316523,55.44
AR,b,1963,18,0.00170,0.00170,0.5,95800,162,95718,5220676,54.50
AR,b,1963,19,0.00137,0.00137,0.5,95637,131,95572,5124958,53.59
AR,b,1963,20,0.00143,0.00143,0.5,95506,136,95438,5029386,52.66
AR,b,1963,21,0.00146,0.00146,0.5,95370,139,95300,4933948,51.73
AR,b,1963,22,0.00156,0.00156,0.5,95231,149,95156,4838648,50.81
AR,b,1963,23,0.00150,0.00150,0.5,95082,143,95010,4743492,49.89
AR,b,1963,24,0.00157,0.00157,0.5,94939,149,94864,4648481,48.96
AR,b,1963,25,0.00191,0.00191,0.5,94790,181,94699,4553617,48.04
AR,b,1963,26,0.00159,0.00159,0.5,94609,150,94534,4458918,47.13
AR,b,1963,27,0.00192,0.00192,0.5,94459,181,94368,4364384,46.20
AR,b,1963,28,0.00179,0.00179,0.5,94277,168,94193,4270016,45.29
AR,b,1963,29,0.00144,0.00144,0.5,94109,135,94041,4175823,44.37
AR,b,1963,30,0.00214,0.00214,0.5,93974,201,93873,4081782,43.44
AR,b,1963,31,0.00179,0.00179,0.5,93773,168,93689,3987909,42.53
AR,b,1963,32,0.00184,0.00184,0.5,93605,172,93519,3894220,41.60
AR,b,1963,33,0.00183,0.00183,0.5,93433,171,93347,3800701,40.68
AR,b,1963,34,0.00220,0.00219,0.5,93262,205,93160,3707354,39.75
AR,b,1963,35,0.00268,0.00267,0.5,93057,249,92933,3614195,38.84
AR,b,1963,36,0.00267,0.00267,0.5,92809,248,92685,3521262,37.94
AR,b,1963,37,0.00271,0.00270,0.5,92561,250,92436,3428577,37.04
AR,b,1963,38,0.00290,0.00290,0.5,92310,267,92177,3336141,36.14
AR,b,1963,39,0.00336,0.00336,0.5,92043,309,91889,3243965,35.24
AR,b,1963,40,0.00324,0.00323,0.5,91734,297,91586,3152076,34.36
AR,b,1963,41,0.00329,0.00329,0.5,91437,301,91287,3060491,33.47
AR,b,1963,42,0.00406,0.00405,0.5,91137,369,90952,2969204,32.58
AR,b,1963,43,0.00484,0.00482,0.5,90767,438,90548,2878252,31.71
AR,b,1963,44,0.00459,0.00458,0.5,90329,414,90123,2787703,30.86
AR,b,1963,45,0.00507,0.00505,0.5,89916,454,89688,2697581,30.00
AR,b,1963,46,0.00465,0.00464,0.5,89461,415,89254,2607892,29.15
AR,b,1963,47,0.00657,0.00655,0.5,89046,583,88755,2518639,28.28
AR,b,1963,48,0.00651,0.00649,0.5,88463,574,88176,2429884,27.47
AR,b,1963,49,0.00693,0.00691,0.5,87889,607,87585,2341708,26.64
AR,b,1963,50,0.00685,0.00683,0.5,87282,596,86984,2254123,25.83
AR,b,1963,51,0.00747,0.00744,0.5,86686,645,86363,2167139,25.00
AR,b,1963,52,0.00908,0.00903,0.5,86041,777,85652,2080776,24.18
AR,b,1963,53,0.00936,0.00931,0.5,85264,794,84866,1995124,23.40
AR,b,1963,54,0.00993,0.00988,0.5,84469,834,84052,1910257,22.61
AR,b,1963,55,0.01191,0.01184,0.5,83635,990,83140,1826205,21.84
AR,b,1963,56,0.01188,0.01181,0.5,82645,976,82157,1743065,21.09
AR,b,1963,57,0.01239,0.01232,0.5,81669,1006,81166,1660908,20.34
AR,b,1963,58,0.01449,0.01438,0.5,80663,1160,80083,1579742,19.58
AR,b,1963,59,0.01399,0.01389,0.5,79503,1104,78950,1499659,18.86
AR,b,1963,60,0.01591,0.01578,0.5,78398,1237,77780,1420709,18.12
AR,b,1963,61,0.01660,0.01646,0.5,77161,1270,76526,1342929,17.40
AR,b,1963,62,0.02125,0.02103,0.5,75891,1596,75093,1266404,16.69
AR,b,1963,63,0.02268,0.02242,0.5,74295,1666,73462,1191311,16.03
AR,b,1963,64,0.02277,0.02252,0.5,72629,1635,71811,1117850,15.39
AR,b,1963,65,0.02898,0.02856,0.5,70993,2028,69979,1046039,14.73
AR,b,1963,66,0.02852,0.02812,0.5,68965,1939,67996,976060,14.15
AR,b,1963,67,0.03000,0.02956,0.5,67026,1981,66035,908064,13.55
AR,b,1963,68,0.03031,0.02986,0.5,65045,1942,64074,842029,12.95
AR,b,1963,69,0.03313,0.03259,0.5,63103,2057,62075,777955,12.33
AR,b,1963,70,0.03943,0.03866,0.5,61046,2360,59866,715880,11.73
AR,b,1963,71,0.04072,0.03991,0.5,58686,2342,57515,656014,11.18
AR,b,1963,72,0.04569,0.04467,0.5,56344,2517,55086,598499,10.62
AR,b,1963,73,0.04933,0.04814,0.5,53827,2591,52532,543413,10.10
AR,b,1963,74,0.05140,0.05011,0.5,51236,2567,49952,490881,9.58
AR,b,1963,75,0.05622,0.05468,0.5,48669,2661,47338,440929,9.06
AR,b,1963,76,0.06574,0.06365,0.5,46007,2928,44543,393591,8.55
AR,b,1963,77,0.06621,0.06409,0.5,43079,2761,41699,349047,8.10
AR,b,1963,78,0.06704,0.06486,0.5,40318,2615,39011,307349,7.62
AR,b,1963,79,0.07200,0.06950,0.5,37703,2620,36393,268338,7.12
AR,b,1963,80,0.09299,0.08886,0.5,35083,3117,33524,231945,6.61
AR,b,1963,81,0.09867,0.09403,0.5,31965,3006,30463,198421,6.21
AR,b,1963,82,0.10585,0.10053,0.5,28960,2911,27504,167958,5.80
AR,b,1963,83,0.12753,0.11988,0.5,26048,3123,24487,140454,5.39
AR,b,1963,84,0.13809,0.12917,0.5,22926,2961,21445,115967,5.06
AR,b,1963,85,0.16000,0.14815,0.5,19964,2958,18486,94522,4.73
AR,b,1963,86,0.16895,0.15579,0.5,17007,2649,15682,76037,4.47
AR,b,1963,87,0.19304,0.17605,0.5,14357,2528,13093,60355,4.20
AR,b,1963,88,0.20510,0.18602,0.5,11830,2201,10729,47261,4.00
AR,b,1963,89,0.20955,0.18967,0.5,9629,1826,8716,36532,3.79
AR,b,1963,90,0.22749,0.20426,0.5,7803,1594,7006,27816,3.56
AR,b,1963,91,0.24650,0.21945,0.5,6209,1363,5528,20810,3.35
AR,b,1963,92,0.26657,0.23522,0.5,4846,1140,4276,15282,3.15
AR,b,1963,93,0.28766,0.25149,0.5,3706,932,3240,11006,2.97
AR,b,1963,94,0.30973,0.26819,0.5,2774,744,2402,7765,2.80
AR,b,1963,95,0.33272,0.28526,0.5,2030,579,1741,5363,2.64
AR,b,1963,96,0.35655,0.30260,0.5,1451,439,1232,3622,2.50
AR,b,1963,97,0.38113,0.32012,0.5,1012,324,850,2391,2.36
AR,b,1963,98,0.40635,0.33773,0.5,688,232,572,1541,2.24
AR,b,1963,99,0.43210,0.35533,0.5,456,162,375,969,2.13
AR,b,1963,100,0.45824,0.37282,0.5,294,110,239,594,2.02
AR,b,1963,101,0.48464,0.39011,0.5,184,72,148,355,1.93
AR,b,1963,102,0.51113,0.40709,0.5,112,46,89,207,1.84
AR,b,1963,103,0.53759,0.42370,0.5,67,28,53,117,1.76
AR,b,1963,104,0.56385,0.43985,0.5,38,17,30,65,1.69
AR,b,1963,105,0.58978,0.45547,0.5,22,10,17,35,1.63
AR,b,1963,106,0.61524,0.47050,0.5,12,6,9,18,1.57
AR,b,1963,107,0.64009,0.48490,0.5,6,3,5,9,1.51
AR,b,1963,108,0.66424,0.49863,0.5,3,2,2,5,1.47
AR,b,1963,109,0.68756,0.51166,0.5,2,1,1,2,1.43
AR,b,1963,110+,0.70999,1.00000,1.41,1,1,1,1,1.41
AR,b,1964,0,0.02747,0.02683,0.12,100000,2683,97652,6983413,69.83
AR,b,1964,1,0.00225,0.00225,0.5,97317,219,97208,6885761,70.76
AR,b,1964,2,0.00165,0.00165,0.5,97098,160,97019,6788553,69.91
AR,b,1964,3,0.00095,0.00095,0.5,96939,92,96892,6691534,69.03
AR,b,1964,4,0.00061,0.00061,0.5,96846,59,96817,6594642,68.09
AR,b,1964,5,0.00067,0.00067,0.5,96787,64,96755,6497825,67.14
AR,b,1964,6,0.00057,0.00057,0.5,96723,55,96695,6401070,66.18
AR,b,1964,7,0.00067,0.00067,0.5,96668,65,96635,6304375,65.22
AR,b,1964,8,0.00077,0.00077,0.5,96603,75,96566,6207740,64.26
AR,b,1964,9,0.00056,0.00056,0.5,96528,54,96501,6111174,63.31
AR,b,1964,10,0.00049,0.00049,0.5,96474,48,96450,6014673,62.34
AR,b,1964,11,0.00053,0.00053,0.5,96427,51,96401,5918222,61.38
AR,b,1964,12,0.00044,0.00044,0.5,96375,42,96354,5821822,60.41
AR,b,1964,13,0.00062,0.00062,0.5,96333,60,96303,5725467,59.43
AR,b,1964,14,0.00072,0.00072,0.5,96273,69,96238,5629164,58.47
AR,b,1964,15,0.00098,0.00097,0.5,96204,94,96157,5532926,57.51
AR,b,1964,16,0.00092,0.00092,0.5,96110,88,96066,5436770,56.57
AR,b,1964,17,0.00134,0.00134,0.5,96022,129,95957,5340704,55.62
AR,b,1964,18,0.00108,0.00108,0.5,95893,104,95841,5244747,54.69
AR,b,1964,19,0.00152,0.00152,0.5,95789,145,95716,5148906,53.75
AR,b,1964,20,0.00122,0.00122,0.5,95644,116,95586,5053189,52.83
AR,b,1964,21,0.00213,0.00213,0.5,95528,203,95426,4957604,51.90
AR,b,1964,22,0.00118,0.00118,0.5,95324,113,95268,4862178,51.01
AR,b,1964,23,0.00167,0.00167,0.5,95211,159,95132,4766910,50.07
AR,b,1964,24,0.00169,0.00169,0.5,95053,161,94972,4671778,49.15
AR,b,1964,25,0.00182,0.00182,0.5,94892,172,94805,4576806,48.23
AR,b,1964,26,0.00177,0.00176,0.5,94719,167,94636,4482001,47.32
AR,b,1964,27,0.00132,0.00132,0.5,94552,125,94490,4387365,46.40
AR,b,1964,28,0.00159,0.00159,0.5,94427,150,94352,4292876,45.46
AR,b,1964,29,0.00157,0.00157,0.5,94277,148,94203,4198523,44.53
AR,b,1964,30,0.00201,0.00201,0.5,94129,189,94034,4104320,43.60
AR,b,1964,31,0.00176,0.00176,0.5,93940,165,93857,4010286,42.69
AR,b,1964,32,0.00216,0.00216,0.5,93775,202,93674,3916429,41.76
AR,b,1964,33,0.00199,0.00199,0.5,93573,186,93479,3822755,40.85
AR,b,1964,34,0.00239,0.00239,0.5,93386,223,93275,3729276,39.93
AR,b,1964,35,0.00229,0.00228,0.5,93164,213,93057,3636001,39.03
AR,b,1964,36,0.00277,0.00276,0.5,92951,257,92823,3542943,38.12
AR,b,1964,37,0.00306,0.00306,0.5,92694,283,92553,3450121,37.22
AR,b,1964,38,0.00308,0.00308,0.5,92411,285,92269,3357568,36.33
AR,b,1964,39,0.00271,0.00270,0.5,92126,249,92002,3265299,35.44
AR,b,1964,40,0.00379,0.00378,0.5,91878,347,91704,3173297,34.54
AR,b,1964,41,0.00381,0.00381,0.5,91530,348,91356,3081593,33.67
AR,b,1964,42,0.00419,0.00418,0.5,91182,381,90991,2990237,32.79
AR,b,1964,43,0.00476,0.00475,0.5,90800,431,90585,2899246,31.93
AR,b,1964,44,0.00486,0.00485,0.5,90369,438,90150,2808661,31.08
AR,b,1964,45,0.00472,0.00471,0.5,89931,424,89719,2718512,30.23
AR,b,1964,46,0.00594,0.00592,0.5,89507,530,89242,2628793,29.37
AR,b,1964,47,0.00575,0.00573,0.5,88977,510,88722,2539551,28.54
AR,b,1964,48,0.00618,0.00616,0.5,88467,545,88194,2450829,27.70
AR,b,1964,49,0.00744,0.00741,0.5,87922,651,87596,2362634,26.87
AR,b,1964,50,0.00823,0.00820,0.5,87270,715,86912,2275039,26.07
AR,b,1964,51,0.00862,0.00858,0.5,86555,743,86183,2188126,25.28
AR,b,1964,52,0.00896,0.00892,0.5,85812,765,85429,2101943,24.49
AR,b,1964,53,0.00968,0.00964,0.5,85047,820,84637,2016514,23.71
AR,b,1964,54,0.01128,0.01121,0.5,84227,945,83755,1931877,22.94
AR,b,1964,55,0.00994,0.00989,0.5,83282,824,82871,1848122,22.19
AR,b,1964,56,0.01277,0.01269,0.5,82459,1046,81936,1765251,21.41
AR,b,1964,57,0.01337,0.01329,0.5,81413,1082,80872,1683316,20.68
AR,b,1964,58,0.01304,0.01295,0.5,80331,1040,79811,1602444,19.95
AR,b,1964,59,0.01359,0.01350,0.5,79291,1070,78756,1522633,19.20
AR,b,1964,60,0.01644,0.01630,0.5,78221,1275,77583,1443877,18.46
AR,b,1964,61,0.01612,0.01599,0.5,76945,1230,76330,1366294,17.76
AR,b,1964,62,0.01798,0.01782,0.5,75715,1349,75040,1289964,17.04
AR,b,1964,63,0.02232,0.02207,0.5,74366,1641,73545,1214923,16.34
AR,b,1964,64,0.02443,0.02414,0.5,72724,1755,71847,1141378,15.69
AR,b,1964,65,0.02625,0.02591,0.5,70969,1839,70050,1069532,15.07
AR,b,1964,66,0.02968,0.02924,0.5,69130,2022,68119,999482,14.46
AR,b,1964,67,0.03059,0.03013,0.5,67108,2022,66097,931363,13.88
AR,b,1964,68,0.03134,0.03085,0.5,65086,2008,64082,865265,13.29
AR,b,1964,69,0.03395,0.03338,0.5,63078,2106,62025,801183,12.70
AR,b,1964,70,0.03594,0.03531,0.5,60972,2153,59896,739158,12.12
AR,b,1964,71,0.04026,0.03946,0.5,58820,2321,57659,679262,11.55
AR,b,1964,72,0.04450,0.04353,0.5,56499,2459,55269,621602,11.00
AR,b,1964,73,0.04406,0.04311,0.5,54039,2330,52874,566333,10.48
AR,b,1964,74,0.05274,0.05139,0.5,51709,2657,50381,513459,9.93
AR,b,1964,75,0.05278,0.05143,0.5,49052,2523,47791,463078,9.44
AR,b,1964,76,0.05703,0.05545,0.5,46530,2580,45240,415288,8.93
AR,b,1964,77,0.06220,0.06032,0.5,43950,2651,42624,370048,8.42
AR,b,1964,78,0.07038,0.06799,0.5,41299,2808,39895,327424,7.93
AR,b,1964,79,0.06698,0.06481,0.5,38491,2495,37243,287529,7.47
AR,b,1964,80,0.09167,0.08766,0.5,35996,3155,34418,250286,6.95
AR,b,1964,81,0.08704,0.08341,0.5,32841,2739,31471,215868,6.57
AR,b,1964,82,0.10471,0.09950,0.5,30101,2995,28604,184397,6.13
AR,b,1964,83,0.11722,0.11073,0.5,27106,3002,25606,155793,5.75
AR,b,1964,84,0.13988,0.13073,0.5,24105,3151,22529,130187,5.40
AR,b,1964,85,0.12553,0.11812,0.5,20954,2475,19716,107658,5.14
AR,b,1964,86,0.16093,0.14895,0.5,18479,2752,17102,87942,4.76
AR,b,1964,87,0.16498,0.15240,0.5,15726,2397,14528,70839,4.50
AR,b,1964,88,0.18114,0.16610,0.5,13329,2214,12222,56312,4.22
AR,b,1964,89,0.19729,0.17958,0.5,11115,1996,10117,44089,3.97
AR,b,1964,90,0.21452,0.19374,0.5,9119,1767,8236,33972,3.73
AR,b,1964,91,0.23283,0.20855,0.5,7353,1533,6586,25736,3.50
AR,b,1964,92,0.25222,0.22397,0.5,5819,1303,5168,19150,3.29
AR,b,1964,93,0.27266,0.23995,0.5,4516,1084,3974,13982,3.10
AR,b,1964,94,0.29413,0.25642,0.5,3432,880,2992,10008,2.92
AR,b,1964,95,0.31657,0.27331,0.5,2552,698,2203,7016,2.75
AR,b,1964,96,0.33991,0.29054,0.5,1855,539,1585,4813,2.59
AR,b,1964,97,0.36409,0.30801,0.5,1316,405,1113,3227,2.45
AR,b,1964,98,0.38898,0.32565,0.5,911,297,762,2114,2.32
AR,b,1964,99,0.41449,0.34334,0.5,614,211,509,1352,2.20
AR,b,1964,100,0.44049,0.36098,0.5,403,146,330,843,2.09
AR,b,1964,101,0.46683,0.37849,0.5,258,98,209,513,1.99
AR,b,1964,102,0.49339,0.39576,0.5,160,63,128,304,1.90
AR,b,1964,103,0.51999,0.41269,0.5,97,40,77,176,1.81
AR,b,1964,104,0.54650,0.42922,0.5,57,24,45,99,1.74
AR,b,1964,105,0.57277,0.44525,0.5,32,14,25,54,1.67
AR,b,1964,106,0.59864,0.46074,0.5,18,8,14,29,1.61
AR,b,1964,107,0.62400,0.47561,0.5,10,5,7,15,1.55
AR,b,1964,108,0.64870,0.48982,0.5,5,2,4,8,1.50
AR,b,1964,109,0.67264,0.50335,0.5,3,1,2,4,1.46
AR,b,1964,110+,0.69572,1.00000,1.44,1,1,2,2,1.44
AR,b,1965,0,0.02485,0.02432,0.12,100000,2432,97853,7028673,70.29
AR,b,1965,1,0.00261,0.00261,0.5,97568,254,97441,6930820,71.04
AR,b,1965,2,0.00144,0.00144,0.5,97314,140,97244,6833379,70.22
AR,b,1965,3,0.00095,0.00094,0.5,97173,92,97128,6736135,69.32
AR,b,1965,4,0.00070,0.00070,0.5,97082,68,97048,6639008,68.39
AR,b,1965,5,0.00072,0.00072,0.5,97014,69,96979,6541960,67.43
AR,b,1965,6,0.00054,0.00054,0.5,96944,52,96918,6444981,66.48
AR,b,1965,7,0.00057,0.00057,0.5,96892,55,96865,6348062,65.52
AR,b,1965,8,0.00064,0.00064,0.5,96837,62,96806,6251197,64.55
AR,b,1965,9,0.00046,0.00046,0.5,96775,45,96753,6154391,63.59
AR,b,1965,10,0.00031,0.00031,0.5,96731,30,96716,6057638,62.62
AR,b,1965,11,0.00041,0.00041,0.5,96701,40,96681,5960922,61.64
AR,b,1965,12,0.00067,0.00067,0.5,96661,64,96629,5864241,60.67
AR,b,1965,13,0.00055,0.00055,0.5,96596,53,96570,5767613,59.71
AR,b,1965,14,0.00049,0.00049,0.5,96543,47,96520,5671043,58.74
AR,b,1965,15,0.00109,0.00108,0.5,96496,105,96444,5574523,57.77
AR,b,1965,16,0.00138,0.00138,0.5,96392,133,96325,5478079,56.83
AR,b,1965,17,0.00132,0.00132,0.5,96259,127,96195,5381754,55.91
AR,b,1965,18,0.00129,0.00129,0.5,96132,124,96070,5285559,54.98
AR,b,1965,19,0.00148,0.00148,0.5,96008,142,95937,5189489,54.05
AR,b,1965,20,0.00126,0.00126,0.5,95866,121,95806,5093553,53.13
AR,b,1965,21,0.00143,0.00143,0.5,95745,137,95677,4997747,52.20
AR,b,1965,22,0.00166,0.00165,0.5,95608,158,95529,4902071,51.27
AR,b,1965,23,0.00140,0.00140,0.5,95450,134,95383,4806541,50.36
AR,b,1965,24,0.00152,0.00152,0.5,95316,145,95244,4711158,49.43
AR,b,1965,25,0.00147,0.00147,0.5,95171,140,95101,4615915,48.50
AR,b,1965,26,0.00183,0.00182,0.5,95031,173,94945,4520813,47.57
AR,b,1965,27,0.00121,0.00121,0.5,94858,115,94800,4425869,46.66
AR,b,1965,28,0.00153,0.00153,0.5,94743,145,94670,4331068,45.71
AR,b,1965,29,0.00116,0.00116,0.5,94598,110,94543,4236398,44.78
AR,b,1965,30,0.00177,0.00177,0.5,94488,167,94404,4141855,43.83
AR,b,1965,31,0.00179,0.00179,0.5,94321,169,94236,4047451,42.91
AR,b,1965,32,0.00159,0.00159,0.5,94152,150,94077,3953215,41.99
AR,b,1965,33,0.00220,0.00220,0.5,94002,207,93899,3859138,41.05
AR,b,1965,34,0.00214,0.00214,0.5,93795,200,93695,3765239,40.14
AR,b,1965,35,0.00217,0.00217,0.5,93595,203,93494,3671544,39.23
AR,b,1965,36,0.00232,0.00232,0.5,93392,217,93284,3578051,38.31
AR,b,1965,37,0.00250,0.00250,0.5,93175,233,93059,3484767,37.40
AR,b,1965,38,0.00271,0.00270,0.5,92943,251,92817,3391708,36.49
AR,b,1965,39,0.00341,0.00341,0.5,92692,316,92534,3298891,35.59
AR,b,1965,40,0.00337,0.00336,0.5,92376,310,92220,3206357,34.71
AR,b,1965,41,0.00403,0.00402,0.5,92065,370,91880,3114137,33.83
AR,b,1965,42,0.00429,0.00428,0.5,91695,393,91499,3022256,32.96
AR,b,1965,43,0.00433,0.00433,0.5,91303,395,91105,2930757,32.10
AR,b,1965,44,0.00438,0.00437,0.5,90908,397,90709,2839652,31.24
AR,b,1965,45,0.00535,0.00534,0.5,90510,483,90269,2748943,30.37
AR,b,1965,46,0.00568,0.00567,0.5,90027,510,89772,2658674,29.53
AR,b,1965,47,0.00582,0.00580,0.5,89517,519,89258,2568902,28.70
AR,b,1965,48,0.00636,0.00634,0.5,88998,564,88716,2479644,27.86
AR,b,1965,49,0.00664,0.00662,0.5,88434,586,88142,2390927,27.04
AR,b,1965,50,0.00857,0.00853,0.5,87849,750,87474,2302786,26.21
AR,b,1965,51,0.00764,0.00761,0.5,87099,663,86768,2215312,25.43
AR,b,1965,52,0.00894,0.00890,0.5,86436,769,86052,2128544,24.63
AR,b,1965,53,0.00895,0.00891,0.5,85667,763,85285,2042493,23.84
AR,b,1965,54,0.00954,0.00950,0.5,84904,806,84500,1957208,23.05
AR,b,1965,55,0.01098,0.01092,0.5,84097,919,83638,1872707,22.27
AR,b,1965,56,0.01093,0.01087,0.5,83179,905,82727,1789069,21.51
AR,b,1965,57,0.01285,0.01277,0.5,82274,1051,81749,1706342,20.74
AR,b,1965,58,0.01402,0.01392,0.5,81224,1131,80658,1624594,20.00
AR,b,1965,59,0.01364,0.01355,0.5,80093,1085,79550,1543935,19.28
AR,b,1965,60,0.01530,0.01518,0.5,79008,1199,78408,1464385,18.53
AR,b,1965,61,0.01585,0.01573,0.5,77808,1224,77197,1385977,17.81
AR,b,1965,62,0.01771,0.01755,0.5,76585,1344,75913,1308780,17.09
AR,b,1965,63,0.01924,0.01906,0.5,75241,1434,74523,1232868,16.39
AR,b,1965,64,0.02438,0.02409,0.5,73806,1778,72917,1158344,15.69
AR,b,1965,65,0.02672,0.02637,0.5,72028,1899,71079,1085427,15.07
AR,b,1965,66,0.02537,0.02505,0.5,70129,1757,69251,1014348,14.46
AR,b,1965,67,0.02792,0.02753,0.5,68372,1883,67431,945097,13.82
AR,b,1965,68,0.03263,0.03211,0.5,66490,2135,65422,877666,13.20
AR,b,1965,69,0.03660,0.03594,0.5,64355,2313,63198,812244,12.62
AR,b,1965,70,0.03715,0.03647,0.5,62042,2263,60910,749046,12.07
AR,b,1965,71,0.03656,0.03591,0.5,59779,2146,58706,688135,11.51
AR,b,1965,72,0.04443,0.04347,0.5,57632,2505,56380,629430,10.92
AR,b,1965,73,0.04642,0.04537,0.5,55127,2501,53877,573050,10.40
AR,b,1965,74,0.05122,0.04994,0.5,52626,2628,51312,519173,9.87
AR,b,1965,75,0.05933,0.05762,0.5,49998,2881,48558,467860,9.36
AR,b,1965,76,0.06281,0.06090,0.5,47117,2869,45683,419303,8.90
AR,b,1965,77,0.06077,0.05898,0.5,44248,2610,42943,373620,8.44
AR,b,1965,78,0.06811,0.06587,0.5,41639,2743,40267,330677,7.94
AR,b,1965,79,0.07343,0.07083,0.5,38896,2755,37518,290409,7.47
AR,b,1965,80,0.09109,0.08712,0.5,36141,3149,34567,252891,7.00
AR,b,1965,81,0.08277,0.07948,0.5,32992,2622,31681,218325,6.62
AR,b,1965,82,0.11583,0.10949,0.5,30370,3325,28707,186643,6.15
AR,b,1965,83,0.12131,0.11438,0.5,27045,3093,25498,157936,5.84
AR,b,1965,84,0.13773,0.12886,0.5,23952,3086,22408,132438,5.53
AR,b,1965,85,0.14131,0.13199,0.5,20865,2754,19488,110029,5.27
AR,b,1965,86,0.14020,0.13102,0.5,18111,2373,16925,90541,5.00
AR,b,1965,87,0.16263,0.15040,0.5,15738,2367,14555,73616,4.68
AR,b,1965,88,0.19477,0.17748,0.5,13371,2373,12185,59061,4.42
AR,b,1965,89,0.18667,0.17073,0.5,10998,1878,10059,46877,4.26
AR,b,1965,90,0.19920,0.18116,0.5,9120,1652,8294,36817,4.04
AR,b,1965,91,0.21402,0.19333,0.5,7468,1444,6746,28523,3.82
AR,b,1965,92,0.22964,0.20599,0.5,6024,1241,5404,21777,3.61
AR,b,1965,93,0.24606,0.21910,0.5,4783,1048,4259,16373,3.42
AR,b,1965,94,0.26327,0.23264,0.5,3735,869,3301,12114,3.24
AR,b,1965,95,0.28125,0.24658,0.5,2866,707,2513,8813,3.07
AR,b,1965,96,0.29999,0.26086,0.5,2160,563,1878,6300,2.92
AR,b,1965,97,0.31944,0.27545,0.5,1596,440,1376,4422,2.77
AR,b,1965,98,0.33956,0.29028,0.5,1157,336,989,3046,2.63
AR,b,1965,99,0.36030,0.30530,0.5,821,251,696,2057,2.51
AR,b,1965,100,0.38160,0.32046,0.5,570,183,479,1361,2.39
AR,b,1965,101,0.40339,0.33568,0.5,387,130,322,882,2.28
AR,b,1965,102,0.42558,0.35091,0.5,257,90,212,560,2.18
AR,b,1965,103,0.44811,0.36608,0.5,167,61,137,348,2.08
AR,b,1965,104,0.47087,0.38114,0.5,106,40,86,211,1.99
AR,b,1965,105,0.49377,0.39600,0.5,66,26,53,125,1.91
AR,b,1965,106,0.51672,0.41063,0.5,40,16,31,73,1.84
AR,b,1965,107,0.53961,0.42496,0.5,23,10,18,41,1.78
AR,b,1965,108,0.56236,0.43894,0.5,13,6,10,23,1.72
AR,b,1965,109,0.58487,0.45253,0.5,8,3,6,13,1.68
AR,b,1965,110+,0.60704,1.00000,1.65,4,4,7,7,1.65
AR,b,1966,0,0.02528,0.02473,0.12,100000,2473,97820,7041724,70.42
AR,b,1966,1,0.00188,0.00188,0.5,97527,183,97435,6943904,71.20
AR,b,1966,2,0.00111,0.00111,0.5,97343,108,97289,6846469,70.33
AR,b,1966,3,0.00112,0.00112,0.5,97236,109,97181,6749180,69.41
AR,b,1966,4,0.00080,0.00080,0.5,97126,78,97088,6651999,68.49
AR,b,1966,5,0.00075,0.00075,0.5,97049,73,97012,6554911,67.54
AR,b,1966,6,0.00077,0.00077,0.5,96976,74,96938,6457899,66.59
AR,b,1966,7,0.00059,0.00059,0.5,96901,57,96873,6360960,65.64
AR,b,1966,8,0.00072,0.00072,0.5,96844,70,96809,6264088,64.68
AR,b,1966,9,0.00046,0.00046,0.5,96774,45,96752,6167278,63.73
AR,b,1966,10,0.00051,0.00051,0.5,96730,50,96705,6070526,62.76
AR,b,1966,11,0.00054,0.00054,0.5,96680,52,96654,5973822,61.79
AR,b,1966,12,0.00049,0.00049,0.5,96628,48,96604,5877167,60.82
AR,b,1966,13,0.00056,0.00056,0.5,96581,54,96553,5780563,59.85
AR,b,1966,14,0.00088,0.00088,0.5,96526,85,96484,5684010,58.89
AR,b,1966,15,0.00095,0.00095,0.5,96441,92,96395,5587526,57.94
AR,b,1966,16,0.00155,0.00155,0.5,96349,149,96275,5491130,56.99
AR,b,1966,17,0.00159,0.00159,0.5,96200,153,96124,5394856,56.08
AR,b,1966,18,0.00154,0.00154,0.5,96047,148,95973,5298732,55.17
AR,b,1966,19,0.00117,0.00117,0.5,95899,113,95843,5202759,54.25
AR,b,1966,20,0.00183,0.00183,0.5,95787,176,95699,5106916,53.32
AR,b,1966,21,0.00116,0.00116,0.5,95611,111,95556,5011217,52.41
AR,b,1966,22,0.00145,0.00144,0.5,95500,138,95431,4915661,51.47
AR,b,1966,23,0.00152,0.00152,0.5,95362,145,95290,4820230,50.55
AR,b,1966,24,0.00136,0.00136,0.5,95217,129,95153,4724940,49.62
AR,b,1966,25,0.00141,0.00141,0.5,95088,134,95021,4629787,48.69
AR,b,1966,26,0.00199,0.00199,0.5,94954,189,94860,4534766,47.76
AR,b,1966,27,0.00116,0.00116,0.5,94765,110,94711,4439906,46.85
AR,b,1966,28,0.00127,0.00127,0.5,94656,120,94596,4345195,45.91
AR,b,1966,29,0.00142,0.00142,0.5,94536,134,94469,4250600,44.96
AR,b,1966,30,0.00137,0.00137,0.5,94401,129,94337,4156131,44.03
AR,b,1966,31,0.00156,0.00156,0.5,94272,147,94199,4061795,43.09
AR,b,1966,32,0.00168,0.00168,0.5,94125,158,94046,3967596,42.15
AR,b,1966,33,0.00190,0.00190,0.5,93967,178,93878,3873550,41.22
AR,b,1966,34,0.00203,0.00203,0.5,93789,190,93694,3779672,40.30
AR,b,1966,35,0.00234,0.00234,0.5,93599,219,93489,3685978,39.38
AR,b,1966,36,0.00205,0.00205,0.5,93380,191,93284,3592488,38.47
AR,b,1966,37,0.00267,0.00267,0.5,93188,248,93064,3499204,37.55
AR,b,1966,38,0.00285,0.00284,0.5,92940,264,92808,3406140,36.65
AR,b,1966,39,0.00270,0.00270,0.5,92676,250,92551,3313333,35.75
AR,b,1966,40,0.00250,0.00249,0.5,92426,230,92310,3220782,34.85
AR,b,1966,41,0.00369,0.00369,0.5,92195,340,92025,3128472,33.93
AR,b,1966,42,0.00498,0.00497,0.5,91855,457,91627,3036446,33.06
AR,b,1966,43,0.00516,0.00515,0.5,91399,471,91163,2944819,32.22
AR,b,1966,44,0.00429,0.00428,0.5,90928,389,90733,2853656,31.38
AR,b,1966,45,0.00405,0.00404,0.5,90539,366,90356,2762923,30.52
AR,b,1966,46,0.00547,0.00546,0.5,90173,492,89927,2672567,29.64
AR,b,1966,47,0.00522,0.00521,0.5,89681,467,89447,2582639,28.80
AR,b,1966,48,0.00724,0.00721,0.5,89214,643,88892,2493192,27.95
AR,b,1966,49,0.00673,0.00670,0.5,88570,594,88273,2404300,27.15
AR,b,1966,50,0.00746,0.00743,0.5,87976,654,87650,2316027,26.33
AR,b,1966,51,0.00773,0.00770,0.5,87323,673,86986,2228377,25.52
AR,b,1966,52,0.00762,0.00759,0.5,86650,658,86321,2141391,24.71
AR,b,1966,53,0.01127,0.01121,0.5,85992,964,85510,2055069,23.90
AR,b,1966,54,0.01030,0.01025,0.5,85028,871,84593,1969559,23.16
AR,b,1966,55,0.01109,0.01102,0.5,84157,928,83693,1884967,22.40
AR,b,1966,56,0.01203,0.01196,0.5,83229,995,82732,1801273,21.64
AR,b,1966,57,0.01131,0.01124,0.5,82234,925,81771,1718542,20.90
AR,b,1966,58,0.01315,0.01306,0.5,81309,1062,80778,1636771,20.13
AR,b,1966,59,0.01478,0.01467,0.5,80247,1178,79658,1555992,19.39
AR,b,1966,60,0.01652,0.01639,0.5,79070,1296,78422,1476334,18.67
AR,b,1966,61,0.01566,0.01553,0.5,77774,1208,77170,1397912,17.97
AR,b,1966,62,0.01858,0.01841,0.5,76566,1409,75861,1320742,17.25
AR,b,1966,63,0.02020,0.02000,0.5,75156,1503,74405,1244881,16.56
AR,b,1966,64,0.02081,0.02060,0.5,73654,1517,72895,1170476,15.89
AR,b,1966,65,0.02566,0.02533,0.5,72137,1827,71223,1097581,15.22
AR,b,1966,66,0.02716,0.02679,0.5,70309,1884,69367,1026358,14.60
AR,b,1966,67,0.02587,0.02554,0.5,68425,1748,67551,956991,13.99
AR,b,1966,68,0.03266,0.03213,0.5,66678,2143,65606,889439,13.34
AR,b,1966,69,0.03438,0.03380,0.5,64535,2182,63444,823833,12.77
AR,b,1966,70,0.03906,0.03831,0.5,62353,2389,61159,760389,12.19
AR,b,1966,71,0.03918,0.03842,0.5,59965,2304,58813,699230,11.66
AR,b,1966,72,0.04291,0.04201,0.5,57661,2422,56450,640417,11.11
AR,b,1966,73,0.04784,0.04673,0.5,55239,2581,53948,583967,10.57
AR,b,1966,74,0.04873,0.04757,0.5,52658,2505,51405,530019,10.07
AR,b,1966,75,0.05417,0.05274,0.5,50153,2645,48830,478614,9.54
AR,b,1966,76,0.06021,0.05845,0.5,47507,2777,46119,429784,9.05
AR,b,1966,77,0.06073,0.05894,0.5,44731,2637,43412,383665,8.58
AR,b,1966,78,0.06707,0.06490,0.5,42094,2732,40728,340252,8.08
AR,b,1966,79,0.08306,0.07975,0.5,39362,3139,37793,299524,7.61
AR,b,1966,80,0.08947,0.08564,0.5,36223,3102,34672,261731,7.23
AR,b,1966,81,0.08221,0.07896,0.5,33121,2615,31813,227059,6.86
AR,b,1966,82,0.10310,0.09804,0.5,30506,2991,29010,195246,6.40
AR,b,1966,83,0.10990,0.10418,0.5,27515,2866,26082,166235,6.04
AR,b,1966,84,0.12751,0.11987,0.5,24648,2955,23171,140154,5.69
AR,b,1966,85,0.13212,0.12393,0.5,21694,2689,20350,116983,5.39
AR,b,1966,86,0.15107,0.14046,0.5,19005,2669,17671,96633,5.08
AR,b,1966,87,0.14684,0.13680,0.5,16336,2235,15218,78963,4.83
AR,b,1966,88,0.17219,0.15854,0.5,14101,2236,12983,63744,4.52
AR,b,1966,89,0.18156,0.16645,0.5,11866,1975,10878,50761,4.28
AR,b,1966,90,0.19641,0.17885,0.5,9891,1769,9006,39883,4.03
AR,b,1966,91,0.21220,0.19185,0.5,8122,1558,7343,30877,3.80
AR,b,1966,92,0.22893,0.20542,0.5,6564,1348,5889,23534,3.59
AR,b,1966,93,0.24660,0.21953,0.5,5215,1145,4643,17645,3.38
AR,b,1966,94,0.26521,0.23416,0.5,4070,953,3594,13002,3.19
AR,b,1966,95,0.28472,0.24924,0.5,3117,777,2729,9408,3.02
AR,b,1966,96,0.30512,0.26473,0.5,2340,620,2031,6679,2.85
AR,b,1966,97,0.32635,0.28057,0.5,1721,483,1479,4649,2.70
AR,b,1966,98,0.34835,0.29667,0.5,1238,367,1054,3169,2.56
AR,b,1966,99,0.37105,0.31298,0.5,871,273,734,2115,2.43
AR,b,1966,100,0.39437,0.32942,0.5,598,197,500,1381,2.31
AR,b,1966,101,0.41822,0.34589,0.5,401,139,332,881,2.20
AR,b,1966,102,0.44248,0.36232,0.5,262,95,215,549,2.09
AR,b,1966,103,0.46705,0.37863,0.5,167,63,136,334,2.00
AR,b,1966,104,0.49180,0.39474,0.5,104,41,83,199,1.91
AR,b,1966,105,0.51662,0.41056,0.5,63,26,50,115,1.83
AR,b,1966,106,0.54136,0.42604,0.5,37,16,29,65,1.76
AR,b,1966,107,0.56592,0.44111,0.5,21,9,17,36,1.70
AR,b,1966,108,0.59017,0.45570,0.5,12,5,9,20,1.64
AR,b,1966,109,0.61400,0.46978,0.5,6,3,5,10,1.60
AR,b,1966,110+,0.63730,1.00000,1.57,3,3,5,5,1.57
AR,b,1967,0,0.02463,0.02411,0.12,100000,2411,97871,7065214,70.65
AR,b,1967,1,0.00194,0.00194,0.5,97589,190,97494,6967343,71.39
AR,b,1967,2,0.00118,0.00118,0.5,97400,114,97342,6869849,70.53
AR,b,1967,3,0.00070,0.00070,0.5,97285,69,97251,6772506,69.62
AR,b,1967,4,0.00072,0.00072,0.5,97217,70,97181,6675255,68.66
AR,b,1967,5,0.00052,0.00052,0.5,97146,50,97121,6578074,67.71
AR,b,1967,6,0.00052,0.00052,0.5,97096,51,97071,6480953,66.75
AR,b,1967,7,0.00061,0.00061,0.5,97045,60,97015,6383882,65.78
AR,b,1967,8,0.00033,0.00033,0.5,96986,32,96970,6286867,64.82
AR,b,1967,9,0.00036,0.00036,0.5,96953,35,96936,6189897,63.84
AR,b,1967,10,0.00046,0.00046,0.5,96918,45,96896,6092961,62.87
AR,b,1967,11,0.00036,0.00036,0.5,96874,35,96856,5996065,61.90
AR,b,1967,12,0.00066,0.00066,0.5,96839,64,96807,5899209,60.92
AR,b,1967,13,0.00052,0.00052,0.5,96775,50,96750,5802402,59.96
AR,b,1967,14,0.00070,0.00070,0.5,96724,67,96691,5705652,58.99
AR,b,1967,15,0.00078,0.00078,0.5,96657,75,96620,5608962,58.03
AR,b,1967,16,0.00116,0.00116,0.5,96582,112,96526,5512342,57.07
AR,b,1967,17,0.00137,0.00137,0.5,96470,132,96404,5415816,56.14
AR,b,1967,18,0.00182,0.00181,0.5,96338,175,96251,5319412,55.22
AR,b,1967,19,0.00189,0.00189,0.5,96163,182,96073,5223161,54.32
AR,b,1967,20,0.00166,0.00165,0.5,95982,159,95902,5127088,53.42
AR,b,1967,21,0.00106,0.00106,0.5,95823,101,95772,5031186,52.50
AR,b,1967,22,0.00109,0.00109,0.5,95722,105,95670,4935413,51.56
AR,b,1967,23,0.00142,0.00142,0.5,95617,136,95549,4839744,50.62
AR,b,1967,24,0.00142,0.00141,0.5,95481,135,95414,4744194,49.69
AR,b,1967,25,0.00135,0.00135,0.5,95346,128,95282,4648781,48.76
AR,b,1967,26,0.00129,0.00129,0.5,95218,123,95156,4553499,47.82
AR,b,1967,27,0.00168,0.00168,0.5,95095,159,95015,4458343,46.88
AR,b,1967,28,0.00155,0.00155,0.5,94935,147,94862,4363328,45.96
AR,b,1967,29,0.00168,0.00168,0.5,94788,159,94709,4268466,45.03
AR,b,1967,30,0.00184,0.00184,0.5,94629,174,94542,4173757,44.11
AR,b,1967,31,0.00205,0.00205,0.5,94455,193,94358,4079215,43.19
AR,b,1967,32,0.00186,0.00186,0.5,94262,175,94174,3984857,42.27
AR,b,1967,33,0.00172,0.00172,0.5,94086,162,94005,3890683,41.35
AR,b,1967,34,0.00289,0.00288,0.5,93924,271,93789,3796677,40.42
AR,b,1967,35,0.00239,0.00239,0.5,93653,224,93541,3702888,39.54
AR,b,1967,36,0.00265,0.00264,0.5,93429,247,93306,3609347,38.63
AR,b,1967,37,0.00265,0.00265,0.5,93182,247,93059,3516041,37.73
AR,b,1967,38,0.00291,0.00291,0.5,92936,270,92800,3422982,36.83
AR,b,1967,39,0.00324,0.00324,0.5,92665,300,92515,3330181,35.94
AR,b,1967,40,0.00274,0.00274,0.5,92365,253,92239,3237666,35.05
AR,b,1967,41,0.00330,0.00330,0.5,92113,304,91961,3145427,34.15
AR,b,1967,42,0.00393,0.00392,0.5,91809,360,91629,3053467,33.26
AR,b,1967,43,0.00359,0.00359,0.5,91449,328,91284,2961838,32.39
AR,b,1967,44,0.00454,0.00452,0.5,91120,412,90914,2870553,31.50
AR,b,1967,45,0.00552,0.00551,0.5,90708,500,90458,2779639,30.64
AR,b,1967,46,0.00541,0.00539,0.5,90208,486,89965,2689181,29.81
AR,b,1967,47,0.00587,0.00585,0.5,89722,525,89459,2599216,28.97
AR,b,1967,48,0.00568,0.00567,0.5,89197,506,88944,2509757,28.14
AR,b,1967,49,0.00567,0.00565,0.5,88691,501,88440,2420813,27.29
AR,b,1967,50,0.00665,0.00663,0.5,88190,584,87897,2332372,26.45
AR,b,1967,51,0.00748,0.00745,0.5,87605,653,87279,2244475,25.62
AR,b,1967,52,0.00849,0.00845,0.5,86953,735,86585,2157196,24.81
AR,b,1967,53,0.00828,0.00825,0.5,86218,711,85862,2070611,24.02
AR,b,1967,54,0.01105,0.01099,0.5,85507,939,85037,1984749,23.21
AR,b,1967,55,0.01041,0.01036,0.5,84567,876,84129,1899712,22.46
AR,b,1967,56,0.01024,0.01018,0.5,83691,852,83265,1815582,21.69
AR,b,1967,57,0.01324,0.01315,0.5,82839,1090,82294,1732317,20.91
AR,b,1967,58,0.01257,0.01249,0.5,81749,1021,81239,1650023,20.18
AR,b,1967,59,0.01506,0.01495,0.5,80728,1207,80125,1568785,19.43
AR,b,1967,60,0.01697,0.01683,0.5,79521,1338,78852,1488660,18.72
AR,b,1967,61,0.01512,0.01501,0.5,78183,1173,77596,1409808,18.03
AR,b,1967,62,0.01928,0.01910,0.5,77009,1470,76274,1332212,17.30
AR,b,1967,63,0.02047,0.02027,0.5,75539,1531,74773,1255938,16.63
AR,b,1967,64,0.02132,0.02109,0.5,74008,1561,73227,1181164,15.96
AR,b,1967,65,0.02206,0.02182,0.5,72447,1581,71656,1107937,15.29
AR,b,1967,66,0.02633,0.02599,0.5,70866,1842,69945,1036281,14.62
AR,b,1967,67,0.03048,0.03002,0.5,69024,2072,67988,966336,14.00
AR,b,1967,68,0.02969,0.02925,0.5,66952,1959,65972,898348,13.42
AR,b,1967,69,0.03700,0.03633,0.5,64993,2361,63812,832376,12.81
AR,b,1967,70,0.03740,0.03671,0.5,62632,2299,61482,768563,12.27
AR,b,1967,71,0.03734,0.03666,0.5,60333,2212,59227,707081,11.72
AR,b,1967,72,0.03914,0.03839,0.5,58121,2231,57006,647854,11.15
AR,b,1967,73,0.04228,0.04140,0.5,55890,2314,54733,590849,10.57
AR,b,1967,74,0.04775,0.04663,0.5,53576,2498,52327,536116,10.01
AR,b,1967,75,0.05327,0.05189,0.5,51078,2650,49752,483789,9.47
AR,b,1967,76,0.06245,0.06056,0.5,48427,2933,46961,434037,8.96
AR,b,1967,77,0.06341,0.06146,0.5,45494,2796,44096,387076,8.51
AR,b,1967,78,0.07200,0.06950,0.5,42698,2967,41214,342980,8.03
AR,b,1967,79,0.08179,0.07858,0.5,39731,3122,38170,301765,7.60
AR,b,1967,80,0.08455,0.08112,0.5,36609,2970,35124,263596,7.20
AR,b,1967,81,0.09015,0.08627,0.5,33639,2902,32188,228472,6.79
AR,b,1967,82,0.09470,0.09042,0.5,30737,2779,29348,196284,6.39
AR,b,1967,83,0.10847,0.10289,0.5,27958,2877,26520,166936,5.97
AR,b,1967,84,0.12123,0.11430,0.5,25081,2867,23648,140416,5.60
AR,b,1967,85,0.13639,0.12768,0.5,22214,2836,20796,116769,5.26
AR,b,1967,86,0.15218,0.14142,0.5,19378,2740,18008,95972,4.95
AR,b,1967,87,0.15191,0.14119,0.5,16638,2349,15463,77964,4.69
AR,b,1967,88,0.17216,0.15851,0.5,14289,2265,13156,62501,4.37
AR,b,1967,89,0.20305,0.18434,0.5,12024,2216,10915,49345,4.10
AR,b,1967,90,0.20207,0.18353,0.5,9807,1800,8907,38429,3.92
AR,b,1967,91,0.21902,0.19740,0.5,8007,1581,7217,29522,3.69
AR,b,1967,92,0.23697,0.21186,0.5,6427,1362,5746,22305,3.47
AR,b,1967,93,0.25591,0.22688,0.5,5065,1149,4491,16559,3.27
AR,b,1967,94,0.27582,0.24239,0.5,3916,949,3441,12069,3.08
AR,b,1967,95,0.29667,0.25834,0.5,2967,766,2584,8627,2.91
AR,b,1967,96,0.31840,0.27467,0.5,2200,604,1898,6044,2.75
AR,b,1967,97,0.34096,0.29130,0.5,1596,465,1364,4146,2.60
AR,b,1967,98,0.36428,0.30815,0.5,1131,349,957,2782,2.46
AR,b,1967,99,0.38826,0.32514,0.5,783,254,655,1825,2.33
AR,b,1967,100,0.41279,0.34217,0.5,528,181,438,1170,2.22
AR,b,1967,101,0.43778,0.35917,0.5,347,125,285,732,2.11
AR,b,1967,102,0.46310,0.37603,0.5,223,84,181,447,2.01
AR,b,1967,103,0.48863,0.39269,0.5,139,55,112,267,1.92
AR,b,1967,104,0.51422,0.40905,0.5,84,35,67,155,1.84
AR,b,1967,105,0.53975,0.42504,0.5,50,21,39,88,1.76
AR,b,1967,106,0.56508,0.44059,0.5,29,13,22,49,1.69
AR,b,1967,107,0.59009,0.45565,0.5,16,7,12,26,1.63
AR,b,1967,108,0.61465,0.47016,0.5,9,4,7,14,1.58
AR,b,1967,109,0.63866,0.48408,0.5,5,2,4,7,1.54
AR,b,1967,110+,0.66200,1.00000,1.51,2,2,4,4,1.51
AR,b,1968,0,0.02371,0.02322,0.11,100000,2322,97942,7001500,70.01
AR,b,1968,1,0.00178,0.00177,0.5,97678,173,97591,6903558,70.68
AR,b,1968,2,0.00120,0.00120,0.5,97504,117,97446,6805967,69.80
AR,b,1968,3,0.00094,0.00094,0.5,97388,92,97342,6708521,68.88
AR,b,1968,4,0.00061,0.00061,0.5,97296,59,97266,6611179,67.95
AR,b,1968,5,0.00086,0.00086,0.5,97236,84,97195,6513913,66.99
AR,b,1968,6,0.00044,0.00044,0.5,97153,43,97131,6416719,66.05
AR,b,1968,7,0.00047,0.00047,0.5,97110,46,97087,6319588,65.08
AR,b,1968,8,0.00031,0.00031,0.5,97064,30,97049,6222501,64.11
AR,b,1968,9,0.00026,0.00026,0.5,97034,25,97021,6125452,63.13
AR,b,1968,10,0.00052,0.00052,0.5,97009,50,96984,6028431,62.14
AR,b,1968,11,0.00036,0.00036,0.5,96959,35,96942,5931447,61.17
AR,b,1968,12,0.00041,0.00041,0.5,96924,40,96905,5834505,60.20
AR,b,1968,13,0.00064,0.00064,0.5,96885,62,96854,5737600,59.22
AR,b,1968,14,0.00049,0.00049,0.5,96823,48,96799,5640747,58.26
AR,b,1968,15,0.00099,0.00099,0.5,96775,96,96727,5543947,57.29
AR,b,1968,16,0.00139,0.00139,0.5,96679,134,96612,5447220,56.34
AR,b,1968,17,0.00132,0.00132,0.5,96545,128,96481,5350608,55.42
AR,b,1968,18,0.00189,0.00188,0.5,96417,182,96327,5254127,54.49
AR,b,1968,19,0.00211,0.00211,0.5,96236,203,96134,5157800,53.60
AR,b,1968,20,0.00137,0.00137,0.5,96033,132,95967,5061666,52.71
AR,b,1968,21,0.00181,0.00180,0.5,95901,173,95815,4965700,51.78
AR,b,1968,22,0.00183,0.00182,0.5,95728,175,95641,4869885,50.87
AR,b,1968,23,0.00181,0.00180,0.5,95553,172,95467,4774244,49.96
AR,b,1968,24,0.00136,0.00136,0.5,95381,130,95316,4678777,49.05
AR,b,1968,25,0.00209,0.00209,0.5,95251,199,95152,4583461,48.12
AR,b,1968,26,0.00105,0.00105,0.5,95052,99,95002,4488309,47.22
AR,b,1968,27,0.00131,0.00131,0.5,94953,124,94890,4393307,46.27
AR,b,1968,28,0.00140,0.00140,0.5,94828,133,94762,4298416,45.33
AR,b,1968,29,0.00141,0.00141,0.5,94695,134,94628,4203655,44.39
AR,b,1968,30,0.00179,0.00179,0.5,94562,169,94477,4109026,43.45
AR,b,1968,31,0.00221,0.00220,0.5,94393,208,94289,4014549,42.53
AR,b,1968,32,0.00215,0.00215,0.5,94185,202,94084,3920261,41.62
AR,b,1968,33,0.00247,0.00247,0.5,93983,232,93866,3826177,40.71
AR,b,1968,34,0.00250,0.00250,0.5,93750,234,93633,3732311,39.81
AR,b,1968,35,0.00272,0.00272,0.5,93516,254,93389,3638677,38.91
AR,b,1968,36,0.00297,0.00296,0.5,93262,276,93124,3545288,38.01
AR,b,1968,37,0.00258,0.00258,0.5,92986,240,92866,3452164,37.13
AR,b,1968,38,0.00279,0.00279,0.5,92746,259,92617,3359298,36.22
AR,b,1968,39,0.00198,0.00198,0.5,92488,183,92396,3266681,35.32
AR,b,1968,40,0.00323,0.00323,0.5,92305,298,92156,3174285,34.39
AR,b,1968,41,0.00396,0.00395,0.5,92007,363,91825,3082129,33.50
AR,b,1968,42,0.00368,0.00368,0.5,91644,337,91475,2990304,32.63
AR,b,1968,43,0.00459,0.00458,0.5,91307,418,91098,2898829,31.75
AR,b,1968,44,0.00551,0.00550,0.5,90889,500,90639,2807731,30.89
AR,b,1968,45,0.00536,0.00535,0.5,90389,483,90147,2717092,30.06
AR,b,1968,46,0.00529,0.00528,0.5,89906,474,89668,2626945,29.22
AR,b,1968,47,0.00602,0.00600,0.5,89431,537,89163,2537277,28.37
AR,b,1968,48,0.00622,0.00620,0.5,88894,552,88619,2448114,27.54
AR,b,1968,49,0.00729,0.00727,0.5,88343,642,88022,2359496,26.71
AR,b,1968,50,0.00789,0.00786,0.5,87701,689,87356,2271474,25.90
AR,b,1968,51,0.00813,0.00810,0.5,87012,705,86660,2184117,25.10
AR,b,1968,52,0.00760,0.00757,0.5,86307,654,85980,2097458,24.30
AR,b,1968,53,0.00965,0.00960,0.5,85653,822,85242,2011478,23.48
AR,b,1968,54,0.01269,0.01261,0.5,84831,1070,84296,1926235,22.71
AR,b,1968,55,0.01064,0.01058,0.5,83761,886,83318,1841939,21.99
AR,b,1968,56,0.01208,0.01200,0.5,82875,995,82378,1758621,21.22
AR,b,1968,57,0.01431,0.01421,0.5,81880,1163,81299,1676243,20.47
AR,b,1968,58,0.01357,0.01347,0.5,80717,1088,80173,1594945,19.76
AR,b,1968,59,0.01550,0.01538,0.5,79629,1225,79017,1514771,19.02
AR,b,1968,60,0.01668,0.01654,0.5,78405,1297,77756,1435754,18.31
AR,b,1968,61,0.01670,0.01656,0.5,77108,1277,76470,1357998,17.61
AR,b,1968,62,0.01888,0.01870,0.5,75831,1418,75122,1281528,16.90
AR,b,1968,63,0.01967,0.01948,0.5,74413,1450,73688,1206406,16.21
AR,b,1968,64,0.02192,0.02169,0.5,72963,1582,72172,1132718,15.52
AR,b,1968,65,0.02453,0.02423,0.5,71381,1730,70516,1060546,14.86
AR,b,1968,66,0.02692,0.02657,0.5,69651,1850,68726,990030,14.21
AR,b,1968,67,0.03083,0.03036,0.5,67801,2059,66771,921304,13.59
AR,b,1968,68,0.03122,0.03074,0.5,65742,2021,64732,854533,13.00
AR,b,1968,69,0.03283,0.03230,0.5,63721,2058,62692,789801,12.39
AR,b,1968,70,0.04105,0.04022,0.5,61663,2480,60423,727109,11.79
AR,b,1968,71,0.04052,0.03972,0.5,59183,2351,58008,666686,11.26
AR,b,1968,72,0.04432,0.04335,0.5,56832,2464,55601,608678,10.71
AR,b,1968,73,0.04754,0.04644,0.5,54369,2525,53106,553077,10.17
AR,b,1968,74,0.05164,0.05034,0.5,51844,2610,50539,499971,9.64
AR,b,1968,75,0.05978,0.05804,0.5,49234,2858,47805,449432,9.13
AR,b,1968,76,0.06219,0.06031,0.5,46376,2797,44978,401627,8.66
AR,b,1968,77,0.06279,0.06088,0.5,43579,2653,42253,356650,8.18
AR,b,1968,78,0.08119,0.07803,0.5,40926,3193,39329,314397,7.68
AR,b,1968,79,0.07955,0.07650,0.5,37733,2887,36289,275068,7.29
AR,b,1968,80,0.09173,0.08771,0.5,34846,3056,33318,238779,6.85
AR,b,1968,81,0.09319,0.08904,0.5,31790,2831,30374,205461,6.46
AR,b,1968,82,0.11392,0.10778,0.5,28959,3121,27398,175086,6.05
AR,b,1968,83,0.12052,0.11367,0.5,25838,2937,24369,147688,5.72
AR,b,1968,84,0.12932,0.12146,0.5,22901,2782,21510,123319,5.38
AR,b,1968,85,0.15228,0.14151,0.5,20119,2847,18696,101809,5.06
AR,b,1968,86,0.15434,0.14328,0.5,17272,2475,16035,83113,4.81
AR,b,1968,87,0.16584,0.15314,0.5,14797,2266,13664,67079,4.53
AR,b,1968,88,0.17268,0.15896,0.5,12531,1992,11535,53414,4.26
AR,b,1968,89,0.17734,0.16289,0.5,10539,1717,9681,41879,3.97
AR,b,1968,90,0.23830,0.21293,0.5,8822,1879,7883,32198,3.65
AR,b,1968,91,0.23396,0.20946,0.5,6944,1454,6217,24315,3.50
AR,b,1968,92,0.25281,0.22444,0.5,5489,1232,4873,18098,3.30
AR,b,1968,93,0.27267,0.23996,0.5,4257,1022,3747,13225,3.11
AR,b,1968,94,0.29353,0.25596,0.5,3236,828,2822,9478,2.93
AR,b,1968,95,0.31533,0.27238,0.5,2408,656,2080,6657,2.76
AR,b,1968,96,0.33802,0.28915,0.5,1752,507,1499,4577,2.61
AR,b,1968,97,0.36152,0.30617,0.5,1245,381,1055,3078,2.47
AR,b,1968,98,0.38574,0.32337,0.5,864,279,724,2024,2.34
AR,b,1968,99,0.41059,0.34066,0.5,585,199,485,1299,2.22
AR,b,1968,100,0.43594,0.35792,0.5,385,138,316,814,2.11
AR,b,1968,101,0.46167,0.37509,0.5,247,93,201,498,2.01
AR,b,1968,102,0.48764,0.39205,0.5,155,61,124,297,1.92
AR,b,1968,103,0.51371,0.40872,0.5,94,38,75,173,1.84
AR,b,1968,104,0.53973,0.42503,0.5,56,24,44,98,1.76
AR,b,1968,105,0.56557,0.44089,0.5,32,14,25,54,1.69
AR,b,1968,106,0.59108,0.45624,0.5,18,8,14,29,1.62
AR,b,1968,107,0.61613,0.47103,0.5,10,5,7,15,1.57
AR,b,1968,108,0.64061,0.48520,0.5,5,2,4,8,1.52
AR,b,1968,109,0.66438,0.49871,0.5,3,1,2,4,1.48
AR,b,1968,110+,0.68737,1.00000,1.45,1,1,2,2,1.45
AR,b,1969,0,0.02202,0.02159,0.11,100000,2159,98077,7031690,70.32
AR,b,1969,1,0.00131,0.00131,0.5,97841,128,97777,6933613,70.87
AR,b,1969,2,0.00118,0.00118,0.5,97713,115,97655,6835836,69.96
AR,b,1969,3,0.00110,0.00110,0.5,97598,107,97544,6738181,69.04
AR,b,1969,4,0.00065,0.00065,0.5,97491,63,97459,6640637,68.12
AR,b,1969,5,0.00043,0.00043,0.5,97428,42,97407,6543178,67.16
AR,b,1969,6,0.00068,0.00068,0.5,97386,67,97352,6445771,66.19
AR,b,1969,7,0.00053,0.00053,0.5,97319,51,97293,6348419,65.23
AR,b,1969,8,0.00032,0.00032,0.5,97268,31,97252,6251125,64.27
AR,b,1969,9,0.00062,0.00062,0.5,97237,60,97207,6153873,63.29
AR,b,1969,10,0.00056,0.00056,0.5,97177,55,97150,6056666,62.33
AR,b,1969,11,0.00046,0.00046,0.5,97123,45,97100,5959516,61.36
AR,b,1969,12,0.00051,0.00051,0.5,97077,50,97053,5862416,60.39
AR,b,1969,13,0.00064,0.00064,0.5,97028,62,96997,5765364,59.42
AR,b,1969,14,0.00066,0.00066,0.5,96966,64,96934,5668367,58.46
AR,b,1969,15,0.00096,0.00096,0.5,96902,93,96855,5571433,57.50
AR,b,1969,16,0.00121,0.00121,0.5,96809,117,96750,5474578,56.55
AR,b,1969,17,0.00114,0.00114,0.5,96692,111,96636,5377827,55.62
AR,b,1969,18,0.00151,0.00151,0.5,96581,146,96508,5281191,54.68
AR,b,1969,19,0.00176,0.00176,0.5,96435,170,96350,5184683,53.76
AR,b,1969,20,0.00181,0.00181,0.5,96265,174,96178,5088333,52.86
AR,b,1969,21,0.00167,0.00167,0.5,96091,161,96010,4992155,51.95
AR,b,1969,22,0.00173,0.00173,0.5,95930,166,95847,4896145,51.04
AR,b,1969,23,0.00148,0.00148,0.5,95765,142,95694,4800297,50.13
AR,b,1969,24,0.00160,0.00160,0.5,95623,153,95547,4704604,49.20
AR,b,1969,25,0.00158,0.00157,0.5,95470,150,95395,4609057,48.28
AR,b,1969,26,0.00188,0.00188,0.5,95320,179,95231,4513662,47.35
AR,b,1969,27,0.00146,0.00146,0.5,95141,139,95072,4418431,46.44
AR,b,1969,28,0.00216,0.00215,0.5,95002,205,94900,4323359,45.51
AR,b,1969,29,0.00132,0.00132,0.5,94798,125,94735,4228459,44.60
AR,b,1969,30,0.00132,0.00132,0.5,94673,125,94611,4133724,43.66
AR,b,1969,31,0.00195,0.00195,0.5,94548,184,94456,4039113,42.72
AR,b,1969,32,0.00215,0.00215,0.5,94364,203,94263,3944657,41.80
AR,b,1969,33,0.00246,0.00245,0.5,94161,231,94046,3850394,40.89
AR,b,1969,34,0.00200,0.00200,0.5,93930,188,93836,3756349,39.99
AR,b,1969,35,0.00145,0.00145,0.5,93742,136,93674,3662512,39.07
AR,b,1969,36,0.00240,0.00239,0.5,93606,224,93494,3568838,38.13
AR,b,1969,37,0.00301,0.00300,0.5,93382,280,93242,3475344,37.22
AR,b,1969,38,0.00299,0.00299,0.5,93102,278,92963,3382102,36.33
AR,b,1969,39,0.00288,0.00287,0.5,92824,267,92690,3289140,35.43
AR,b,1969,40,0.00227,0.00227,0.5,92557,210,92452,3196449,34.53
AR,b,1969,41,0.00509,0.00507,0.5,92347,469,92112,3103997,33.61
AR,b,1969,42,0.00473,0.00472,0.5,91878,434,91661,3011885,32.78
AR,b,1969,43,0.00435,0.00434,0.5,91444,397,91246,2920224,31.93
AR,b,1969,44,0.00521,0.00519,0.5,91047,473,90811,2828978,31.07
AR,b,1969,45,0.00490,0.00488,0.5,90574,442,90353,2738167,30.23
AR,b,1969,46,0.00662,0.00660,0.5,90132,595,89835,2647814,29.38
AR,b,1969,47,0.00587,0.00586,0.5,89537,524,89275,2557979,28.57
AR,b,1969,48,0.00640,0.00638,0.5,89013,568,88729,2468704,27.73
AR,b,1969,49,0.00781,0.00778,0.5,88445,688,88101,2379975,26.91
AR,b,1969,50,0.00735,0.00733,0.5,87757,643,87436,2291874,26.12
AR,b,1969,51,0.00823,0.00819,0.5,87114,714,86757,2204438,25.31
AR,b,1969,52,0.00898,0.00894,0.5,86400,773,86014,2117681,24.51
AR,b,1969,53,0.01030,0.01025,0.5,85628,877,85189,2031667,23.73
AR,b,1969,54,0.01040,0.01034,0.5,84750,877,84312,1946478,22.97
AR,b,1969,55,0.01176,0.01169,0.5,83874,981,83383,1862166,22.20
AR,b,1969,56,0.01202,0.01195,0.5,82893,991,82398,1778783,21.46
AR,b,1969,57,0.01409,0.01399,0.5,81902,1146,81330,1696385,20.71
AR,b,1969,58,0.01395,0.01386,0.5,80757,1119,80197,1615055,20.00
AR,b,1969,59,0.01650,0.01636,0.5,79638,1303,78986,1534858,19.27
AR,b,1969,60,0.01665,0.01652,0.5,78335,1294,77688,1455872,18.59
AR,b,1969,61,0.01879,0.01862,0.5,77041,1434,76324,1378184,17.89
AR,b,1969,62,0.01834,0.01817,0.5,75607,1374,74920,1301860,17.22
AR,b,1969,63,0.01945,0.01926,0.5,74233,1430,73518,1226940,16.53
AR,b,1969,64,0.02149,0.02126,0.5,72803,1548,72029,1153422,15.84
AR,b,1969,65,0.02270,0.02245,0.5,71256,1600,70456,1081392,15.18
AR,b,1969,66,0.02440,0.02411,0.5,69656,1679,68816,1010937,14.51
AR,b,1969,67,0.02804,0.02766,0.5,67977,1880,67037,942120,13.86
AR,b,1969,68,0.03322,0.03267,0.5,66097,2160,65017,875084,13.24
AR,b,1969,69,0.03182,0.03132,0.5,63937,2003,62936,810067,12.67
AR,b,1969,70,0.03391,0.03335,0.5,61935,2065,60902,747131,12.06
AR,b,1969,71,0.03754,0.03685,0.5,59869,2206,58766,686229,11.46
AR,b,1969,72,0.04651,0.04546,0.5,57663,2621,56352,627463,10.88
AR,b,1969,73,0.04933,0.04814,0.5,55042,2650,53717,571111,10.38
AR,b,1969,74,0.05136,0.05007,0.5,52392,2623,51080,517394,9.88
AR,b,1969,75,0.05607,0.05454,0.5,49768,2714,48411,466314,9.37
AR,b,1969,76,0.05875,0.05708,0.5,47054,2686,45711,417903,8.88
AR,b,1969,77,0.06371,0.06175,0.5,44368,2740,42999,372192,8.39
AR,b,1969,78,0.07496,0.07225,0.5,41629,3008,40125,329193,7.91
AR,b,1969,79,0.07939,0.07636,0.5,38621,2949,37147,289068,7.48
AR,b,1969,80,0.08410,0.08071,0.5,35672,2879,34233,251922,7.06
AR,b,1969,81,0.09262,0.08852,0.5,32793,2903,31342,217689,6.64
AR,b,1969,82,0.09324,0.08909,0.5,29890,2663,28559,186347,6.23
AR,b,1969,83,0.11549,0.10919,0.5,27227,2973,25741,157788,5.80
AR,b,1969,84,0.13683,0.12807,0.5,24255,3106,22701,132047,5.44
AR,b,1969,85,0.13626,0.12757,0.5,21148,2698,19799,109346,5.17
AR,b,1969,86,0.14800,0.13781,0.5,18451,2543,17179,89546,4.85
AR,b,1969,87,0.17482,0.16076,0.5,15908,2557,14629,72367,4.55
AR,b,1969,88,0.18031,0.16540,0.5,13350,2208,12246,57738,4.32
AR,b,1969,89,0.19397,0.17682,0.5,11142,1970,10157,45491,4.08
AR,b,1969,90,0.20664,0.18729,0.5,9172,1718,8313,35334,3.85
AR,b,1969,91,0.22386,0.20133,0.5,7454,1501,6704,27021,3.62
AR,b,1969,92,0.24209,0.21595,0.5,5954,1286,5311,20317,3.41
AR,b,1969,93,0.26133,0.23113,0.5,4668,1079,4128,15007,3.21
AR,b,1969,94,0.28154,0.24680,0.5,3589,886,3146,10878,3.03
AR,b,1969,95,0.30268,0.26290,0.5,2703,711,2348,7732,2.86
AR,b,1969,96,0.32472,0.27936,0.5,1993,557,1714,5384,2.70
AR,b,1969,97,0.34758,0.29612,0.5,1436,425,1223,3670,2.56
AR,b,1969,98,0.37119,0.31308,0.5,1011,316,852,2447,2.42
AR,b,1969,99,0.39545,0.33017,0.5,694,229,580,1594,2.30
AR,b,1969,100,0.42025,0.34728,0.5,465,162,384,1014,2.18
AR,b,1969,101,0.44549,0.36434,0.5,304,111,248,630,2.08
AR,b,1969,102,0.47103,0.38124,0.5,193,74,156,382,1.98
AR,b,1969,103,0.49675,0.39792,0.5,119,48,96,226,1.89
AR,b,1969,104,0.52251,0.41428,0.5,72,30,57,130,1.81
AR,b,1969,105,0.54816,0.43024,0.5,42,18,33,73,1.74
AR,b,1969,106,0.57359,0.44575,0.5,24,11,19,40,1.67
AR,b,1969,107,0.59864,0.46074,0.5,13,6,10,21,1.61
AR,b,1969,108,0.62322,0.47515,0.5,7,3,5,11,1.56
AR,b,1969,109,0.64719,0.48896,0.5,4,2,3,6,1.52
AR,b,1969,110+,0.67046,1.00000,1.49,2,2,3,3,1.49
AR,b,1970,0,0.02272,0.02227,0.11,100000,2227,98022,7074692,70.75
AR,b,1970,1,0.00178,0.00178,0.5,97773,174,97686,6976670,71.36
AR,b,1970,2,0.00106,0.00106,0.5,97599,104,97547,6878984,70.48
AR,b,1970,3,0.00074,0.00074,0.5,97495,72,97459,6781437,69.56
AR,b,1970,4,0.00089,0.00089,0.5,97423,86,97380,6683978,68.61
AR,b,1970,5,0.00057,0.00057,0.5,97337,55,97309,6586598,67.67
AR,b,1970,6,0.00046,0.00046,0.5,97282,44,97259,6489289,66.71
AR,b,1970,7,0.00053,0.00053,0.5,97237,51,97211,6392030,65.74
AR,b,1970,8,0.00032,0.00032,0.5,97186,31,97171,6294818,64.77
AR,b,1970,9,0.00037,0.00037,0.5,97155,36,97137,6197648,63.79
AR,b,1970,10,0.00041,0.00041,0.5,97119,39,97100,6100511,62.81
AR,b,1970,11,0.00046,0.00046,0.5,97080,44,97058,6003411,61.84
AR,b,1970,12,0.00031,0.00031,0.5,97036,30,97021,5906353,60.87
AR,b,1970,13,0.00086,0.00086,0.5,97006,84,96964,5809332,59.89
AR,b,1970,14,0.00061,0.00061,0.5,96923,59,96893,5712367,58.94
AR,b,1970,15,0.00095,0.00095,0.5,96864,92,96818,5615474,57.97
AR,b,1970,16,0.00076,0.00076,0.5,96772,73,96736,5518656,57.03
AR,b,1970,17,0.00143,0.00143,0.5,96699,138,96630,5421921,56.07
AR,b,1970,18,0.00166,0.00166,0.5,96561,160,96480,5325291,55.15
AR,b,1970,19,0.00201,0.00201,0.5,96400,194,96304,5228810,54.24
AR,b,1970,20,0.00153,0.00153,0.5,96207,147,96133,5132507,53.35
AR,b,1970,21,0.00135,0.00135,0.5,96060,129,95995,5036374,52.43
AR,b,1970,22,0.00150,0.00150,0.5,95930,144,95859,4940378,51.50
AR,b,1970,23,0.00138,0.00138,0.5,95787,132,95721,4844520,50.58
AR,b,1970,24,0.00132,0.00131,0.5,95655,126,95592,4748799,49.65
AR,b,1970,25,0.00125,0.00125,0.5,95529,120,95469,4653207,48.71
AR,b,1970,26,0.00160,0.00160,0.5,95410,153,95333,4557737,47.77
AR,b,1970,27,0.00149,0.00149,0.5,95257,142,95186,4462404,46.85
AR,b,1970,28,0.00168,0.00168,0.5,95115,160,95035,4367218,45.92
AR,b,1970,29,0.00183,0.00183,0.5,94955,174,94868,4272183,44.99
AR,b,1970,30,0.00164,0.00164,0.5,94781,155,94703,4177315,44.07
AR,b,1970,31,0.00146,0.00146,0.5,94626,138,94557,4082612,43.14
AR,b,1970,32,0.00148,0.00148,0.5,94488,140,94418,3988055,42.21
AR,b,1970,33,0.00167,0.00166,0.5,94348,157,94270,3893637,41.27
AR,b,1970,34,0.00233,0.00233,0.5,94191,219,94082,3799367,40.34
AR,b,1970,35,0.00200,0.00199,0.5,93972,187,93878,3705286,39.43
AR,b,1970,36,0.00212,0.00212,0.5,93785,199,93685,3611407,38.51
AR,b,1970,37,0.00301,0.00301,0.5,93586,282,93445,3517722,37.59
AR,b,1970,38,0.00258,0.00257,0.5,93305,240,93185,3424276,36.70
AR,b,1970,39,0.00309,0.00308,0.5,93065,287,92921,3331092,35.79
AR,b,1970,40,0.00254,0.00254,0.5,92778,236,92660,3238171,34.90
AR,b,1970,41,0.00305,0.00305,0.5,92542,282,92401,3145511,33.99
AR,b,1970,42,0.00280,0.00279,0.5,92260,258,92131,3053110,33.09
AR,b,1970,43,0.00416,0.00415,0.5,92002,382,91812,2960979,32.18
AR,b,1970,44,0.00507,0.00506,0.5,91621,464,91389,2869167,31.32
AR,b,1970,45,0.00525,0.00524,0.5,91157,478,90918,2777778,30.47
AR,b,1970,46,0.00504,0.00503,0.5,90679,456,90451,2686860,29.63
AR,b,1970,47,0.00599,0.00597,0.5,90224,539,89954,2596409,28.78
AR,b,1970,48,0.00520,0.00519,0.5,89685,465,89452,2506455,27.95
AR,b,1970,49,0.00672,0.00670,0.5,89219,598,88920,2417003,27.09
AR,b,1970,50,0.00738,0.00736,0.5,88622,652,88296,2328082,26.27
AR,b,1970,51,0.00871,0.00867,0.5,87970,763,87588,2239786,25.46
AR,b,1970,52,0.00928,0.00924,0.5,87207,806,86804,2152198,24.68
AR,b,1970,53,0.01006,0.01001,0.5,86401,865,85969,2065394,23.90
AR,b,1970,54,0.01026,0.01021,0.5,85536,874,85099,1979426,23.14
AR,b,1970,55,0.01172,0.01165,0.5,84663,987,84169,1894326,22.37
AR,b,1970,56,0.01259,0.01251,0.5,83676,1047,83153,1810157,21.63
AR,b,1970,57,0.01439,0.01429,0.5,82629,1180,82039,1727004,20.90
AR,b,1970,58,0.01404,0.01394,0.5,81449,1135,80881,1644965,20.20
AR,b,1970,59,0.01455,0.01445,0.5,80313,1160,79733,1564084,19.47
AR,b,1970,60,0.01559,0.01547,0.5,79153,1224,78541,1484351,18.75
AR,b,1970,61,0.01774,0.01758,0.5,77929,1370,77243,1405810,18.04
AR,b,1970,62,0.02037,0.02016,0.5,76558,1544,75786,1328567,17.35
AR,b,1970,63,0.01991,0.01971,0.5,75015,1479,74275,1252780,16.70
AR,b,1970,64,0.02202,0.02178,0.5,73536,1602,72735,1178505,16.03
AR,b,1970,65,0.02493,0.02462,0.5,71934,1771,71049,1105770,15.37
AR,b,1970,66,0.02257,0.02232,0.5,70163,1566,69380,1034721,14.75
AR,b,1970,67,0.02687,0.02652,0.5,68597,1819,67688,965340,14.07
AR,b,1970,68,0.02729,0.02692,0.5,66778,1798,65879,897653,13.44
AR,b,1970,69,0.03103,0.03056,0.5,64981,1986,63988,831773,12.80
AR,b,1970,70,0.03899,0.03825,0.5,62995,2409,61790,767785,12.19
AR,b,1970,71,0.03662,0.03596,0.5,60585,2179,59496,705995,11.65
AR,b,1970,72,0.04469,0.04372,0.5,58407,2553,57130,646499,11.07
AR,b,1970,73,0.04802,0.04689,0.5,55853,2619,54544,589369,10.55
AR,b,1970,74,0.05055,0.04930,0.5,53234,2624,51922,534825,10.05
AR,b,1970,75,0.05493,0.05346,0.5,50610,2705,49257,482903,9.54
AR,b,1970,76,0.05842,0.05676,0.5,47904,2719,46545,433646,9.05
AR,b,1970,77,0.06216,0.06029,0.5,45185,2724,43823,387101,8.57
AR,b,1970,78,0.07141,0.06895,0.5,42461,2928,40997,343277,8.08
AR,b,1970,79,0.07499,0.07228,0.5,39534,2858,38105,302280,7.65
AR,b,1970,80,0.08675,0.08314,0.5,36676,3049,35151,264175,7.20
AR,b,1970,81,0.09327,0.08912,0.5,33627,2997,32128,229024,6.81
AR,b,1970,82,0.10422,0.09906,0.5,30630,3034,29113,196895,6.43
AR,b,1970,83,0.10945,0.10377,0.5,27596,2864,26164,167782,6.08
AR,b,1970,84,0.12329,0.11613,0.5,24732,2872,23296,141619,5.73
AR,b,1970,85,0.13117,0.12310,0.5,21860,2691,20514,118322,5.41
AR,b,1970,86,0.14207,0.13265,0.5,19169,2543,17898,97808,5.10
AR,b,1970,87,0.15084,0.14026,0.5,16626,2332,15460,79910,4.81
AR,b,1970,88,0.18502,0.16936,0.5,14294,2421,13084,64450,4.51
AR,b,1970,89,0.17179,0.15820,0.5,11873,1878,10934,51366,4.33
AR,b,1970,90,0.20451,0.18554,0.5,9995,1854,9068,40432,4.05
AR,b,1970,91,0.20958,0.18970,0.5,8140,1544,7368,31365,3.85
AR,b,1970,92,0.22570,0.20281,0.5,6596,1338,5927,23996,3.64
AR,b,1970,93,0.24273,0.21646,0.5,5258,1138,4689,18069,3.44
AR,b,1970,94,0.26067,0.23061,0.5,4120,950,3645,13380,3.25
AR,b,1970,95,0.27950,0.24523,0.5,3170,777,2781,9734,3.07
AR,b,1970,96,0.29920,0.26027,0.5,2393,623,2081,6953,2.91
AR,b,1970,97,0.31974,0.27567,0.5,1770,488,1526,4872,2.75
AR,b,1970,98,0.34105,0.29137,0.5,1282,374,1095,3346,2.61
AR,b,1970,99,0.36308,0.30730,0.5,908,279,769,2251,2.48
AR,b,1970,100,0.38576,0.32339,0.5,629,204,528,1482,2.35
AR,b,1970,101,0.40900,0.33956,0.5,426,145,354,954,2.24
AR,b,1970,102,0.43270,0.35573,0.5,281,100,231,601,2.14
AR,b,1970,103,0.45675,0.37183,0.5,181,67,147,369,2.04
AR,b,1970,104,0.48105,0.38778,0.5,114,44,92,222,1.95
AR,b,1970,105,0.50548,0.40350,0.5,70,28,56,130,1.87
AR,b,1970,106,0.52991,0.41892,0.5,42,17,33,75,1.80
AR,b,1970,107,0.55423,0.43397,0.5,24,10,19,42,1.73
AR,b,1970,108,0.57832,0.44860,0.5,14,6,11,23,1.67
AR,b,1970,109,0.60207,0.46276,0.5,8,3,6,12,1.63
AR,b,1970,110+,0.62536,1.00000,1.6,4,4,6,6,1.60
AR,b,1971,0,0.02117,0.02078,0.11,100000,2078,98145,7094338,70.94
AR,b,1971,1,0.00146,0.00146,0.5,97922,143,97851,6996193,71.45
AR,b,1971,2,0.00099,0.00099,0.5,97780,97,97731,6898342,70.55
AR,b,1971,3,0.00087,0.00087,0.5,97682,85,97640,6800611,69.62
AR,b,1971,4,0.00057,0.00057,0.5,97598,56,97570,6702971,68.68
AR,b,1971,5,0.00051,0.00051,0.5,97542,50,97517,6605401,67.72
AR,b,1971,6,0.00042,0.00042,0.5,97492,41,97471,6507884,66.75
AR,b,1971,7,0.00061,0.00061,0.5,97451,59,97421,6410413,65.78
AR,b,1971,8,0.00042,0.00042,0.5,97391,41,97371,6312991,64.82
AR,b,1971,9,0.00050,0.00050,0.5,97351,48,97327,6215620,63.85
AR,b,1971,10,0.00048,0.00048,0.5,97303,47,97279,6118293,62.88
AR,b,1971,11,0.00047,0.00047,0.5,97256,46,97233,6021014,61.91
AR,b,1971,12,0.00047,0.00047,0.5,97210,46,97187,5923781,60.94
AR,b,1971,13,0.00058,0.00058,0.5,97164,56,97136,5826594,59.97
AR,b,1971,14,0.00060,0.00060,0.5,97108,58,97079,5729458,59.00
AR,b,1971,15,0.00100,0.00099,0.5,97050,97,97002,5632379,58.04
AR,b,1971,16,0.00095,0.00095,0.5,96953,92,96907,5535378,57.09
AR,b,1971,17,0.00120,0.00120,0.5,96861,116,96803,5438470,56.15
AR,b,1971,18,0.00152,0.00151,0.5,96745,146,96672,5341667,55.21
AR,b,1971,19,0.00163,0.00163,0.5,96599,158,96520,5244995,54.30
AR,b,1971,20,0.00141,0.00141,0.5,96441,136,96373,5148476,53.38
AR,b,1971,21,0.00168,0.00168,0.5,96305,162,96224,5052103,52.46
AR,b,1971,22,0.00180,0.00179,0.5,96143,172,96056,4955879,51.55
AR,b,1971,23,0.00188,0.00188,0.5,95970,181,95880,4859823,50.64
AR,b,1971,24,0.00154,0.00154,0.5,95790,147,95716,4763943,49.73
AR,b,1971,25,0.00180,0.00180,0.5,95642,172,95556,4668227,48.81
AR,b,1971,26,0.00190,0.00190,0.5,95471,181,95380,4572670,47.90
AR,b,1971,27,0.00159,0.00159,0.5,95289,151,95213,4477290,46.99
AR,b,1971,28,0.00155,0.00155,0.5,95138,148,95064,4382077,46.06
AR,b,1971,29,0.00196,0.00196,0.5,94990,186,94897,4287013,45.13
AR,b,1971,30,0.00140,0.00140,0.5,94804,133,94737,4192116,44.22
AR,b,1971,31,0.00152,0.00152,0.5,94671,144,94598,4097379,43.28
AR,b,1971,32,0.00164,0.00163,0.5,94526,154,94449,4002781,42.35
AR,b,1971,33,0.00251,0.00251,0.5,94372,237,94254,3908331,41.41
AR,b,1971,34,0.00180,0.00179,0.5,94135,169,94051,3814078,40.52
AR,b,1971,35,0.00278,0.00278,0.5,93966,261,93836,3720027,39.59
AR,b,1971,36,0.00259,0.00258,0.5,93705,242,93584,3626192,38.70
AR,b,1971,37,0.00221,0.00220,0.5,93463,206,93360,3532608,37.80
AR,b,1971,38,0.00294,0.00294,0.5,93257,274,93120,3439248,36.88
AR,b,1971,39,0.00282,0.00281,0.5,92983,262,92852,3346128,35.99
AR,b,1971,40,0.00274,0.00274,0.5,92721,254,92594,3253276,35.09
AR,b,1971,41,0.00333,0.00332,0.5,92467,307,92314,3160681,34.18
AR,b,1971,42,0.00369,0.00368,0.5,92160,339,91991,3068368,33.29
AR,b,1971,43,0.00431,0.00430,0.5,91821,395,91624,2976377,32.41
AR,b,1971,44,0.00375,0.00374,0.5,91427,342,91256,2884753,31.55
AR,b,1971,45,0.00504,0.00502,0.5,91085,458,90856,2793498,30.67
AR,b,1971,46,0.00523,0.00522,0.5,90627,473,90391,2702642,29.82
AR,b,1971,47,0.00530,0.00529,0.5,90154,477,89916,2612251,28.98
AR,b,1971,48,0.00611,0.00609,0.5,89677,546,89404,2522336,28.13
AR,b,1971,49,0.00693,0.00691,0.5,89131,616,88823,2432931,27.30
AR,b,1971,50,0.00815,0.00812,0.5,88515,718,88156,2344108,26.48
AR,b,1971,51,0.00792,0.00789,0.5,87797,693,87450,2255952,25.70
AR,b,1971,52,0.00854,0.00850,0.5,87104,740,86734,2168502,24.90
AR,b,1971,53,0.00921,0.00917,0.5,86363,792,85967,2081768,24.10
AR,b,1971,54,0.01078,0.01072,0.5,85571,917,85113,1995801,23.32
AR,b,1971,55,0.01054,0.01048,0.5,84654,888,84210,1910688,22.57
AR,b,1971,56,0.01184,0.01178,0.5,83766,986,83273,1826478,21.80
AR,b,1971,57,0.01326,0.01317,0.5,82780,1090,82235,1743205,21.06
AR,b,1971,58,0.01337,0.01328,0.5,81690,1085,81147,1660970,20.33
AR,b,1971,59,0.01410,0.01400,0.5,80605,1129,80041,1579822,19.60
AR,b,1971,60,0.01585,0.01572,0.5,79476,1250,78852,1499782,18.87
AR,b,1971,61,0.01779,0.01763,0.5,78227,1379,77537,1420930,18.16
AR,b,1971,62,0.02059,0.02038,0.5,76847,1566,76064,1343393,17.48
AR,b,1971,63,0.02193,0.02169,0.5,75281,1633,74465,1267329,16.83
AR,b,1971,64,0.02258,0.02233,0.5,73649,1644,72826,1192864,16.20
AR,b,1971,65,0.02368,0.02340,0.5,72004,1685,71162,1120038,15.56
AR,b,1971,66,0.02570,0.02537,0.5,70319,1784,69427,1048876,14.92
AR,b,1971,67,0.02500,0.02469,0.5,68535,1692,67689,979449,14.29
AR,b,1971,68,0.02681,0.02645,0.5,66843,1768,65959,911760,13.64
AR,b,1971,69,0.03007,0.02962,0.5,65075,1928,64111,845801,13.00
AR,b,1971,70,0.03511,0.03450,0.5,63147,2179,62058,781690,12.38
AR,b,1971,71,0.04183,0.04097,0.5,60969,2498,59720,719632,11.80
AR,b,1971,72,0.03886,0.03812,0.5,58471,2229,57356,659913,11.29
AR,b,1971,73,0.04610,0.04506,0.5,56242,2534,54974,602557,10.71
AR,b,1971,74,0.05270,0.05135,0.5,53707,2758,52328,547582,10.20
AR,b,1971,75,0.05193,0.05062,0.5,50950,2579,49660,495254,9.72
AR,b,1971,76,0.05711,0.05553,0.5,48371,2686,47028,445594,9.21
AR,b,1971,77,0.05985,0.05812,0.5,45685,2655,44357,398566,8.72
AR,b,1971,78,0.06933,0.06701,0.5,43030,2883,41588,354209,8.23
AR,b,1971,79,0.07889,0.07590,0.5,40146,3047,38623,312621,7.79
AR,b,1971,80,0.08184,0.07863,0.5,37099,2917,35641,273998,7.39
AR,b,1971,81,0.09424,0.09000,0.5,34182,3076,32644,238357,6.97
AR,b,1971,82,0.09752,0.09299,0.5,31106,2893,29660,205713,6.61
AR,b,1971,83,0.11068,0.10487,0.5,28214,2959,26734,176053,6.24
AR,b,1971,84,0.11052,0.10474,0.5,25255,2645,23932,149319,5.91
AR,b,1971,85,0.12480,0.11747,0.5,22610,2656,21282,125387,5.55
AR,b,1971,86,0.14482,0.13504,0.5,19954,2695,18607,104105,5.22
AR,b,1971,87,0.15429,0.14324,0.5,17259,2472,16023,85498,4.95
AR,b,1971,88,0.16614,0.15340,0.5,14787,2268,13653,69475,4.70
AR,b,1971,89,0.16635,0.15358,0.5,12519,1923,11557,55822,4.46
AR,b,1971,90,0.19492,0.17761,0.5,10596,1882,9655,44265,4.18
AR,b,1971,91,0.20210,0.18355,0.5,8714,1600,7914,34610,3.97
AR,b,1971,92,0.21755,0.19621,0.5,7115,1396,6417,26696,3.75
AR,b,1971,93,0.23388,0.20939,0.5,5719,1197,5120,20279,3.55
AR,b,1971,94,0.25108,0.22308,0.5,4521,1009,4017,15159,3.35
AR,b,1971,95,0.26915,0.23722,0.5,3513,833,3096,11142,3.17
AR,b,1971,96,0.28806,0.25179,0.5,2679,675,2342,8046,3.00
AR,b,1971,97,0.30778,0.26673,0.5,2005,535,1737,5704,2.85
AR,b,1971,98,0.32827,0.28199,0.5,1470,415,1263,3967,2.70
AR,b,1971,99,0.34948,0.29750,0.5,1055,314,898,2704,2.56
AR,b,1971,100,0.37135,0.31319,0.5,741,232,625,1806,2.44
AR,b,1971,101,0.39379,0.32901,0.5,509,168,425,1180,2.32
AR,b,1971,102,0.41673,0.34487,0.5,342,118,283,755,2.21
AR,b,1971,103,0.44007,0.36070,0.5,224,81,183,472,2.11
AR,b,1971,104,0.46371,0.37643,0.5,143,54,116,289,2.02
AR,b,1971,105,0.48754,0.39198,0.5,89,35,72,172,1.93
AR,b,1971,106,0.51145,0.40730,0.5,54,22,43,101,1.86
AR,b,1971,107,0.53534,0.42230,0.5,32,14,25,57,1.79
AR,b,1971,108,0.55909,0.43694,0.5,19,8,15,32,1.73
AR,b,1971,109,0.58258,0.45116,0.5,10,5,8,18,1.68
AR,b,1971,110+,0.60572,1.00000,1.65,6,6,9,9,1.65
AR,b,1972,0,0.01749,0.01722,0.1,100000,1722,98446,7090050,70.90
AR,b,1972,1,0.00133,0.00133,0.5,98278,130,98213,6991604,71.14
AR,b,1972,2,0.00101,0.00100,0.5,98148,99,98098,6893391,70.23
AR,b,1972,3,0.00043,0.00043,0.5,98049,42,98028,6795293,69.31
AR,b,1972,4,0.00051,0.00051,0.5,98007,50,97982,6697265,68.33
AR,b,1972,5,0.00068,0.00068,0.5,97957,67,97923,6599283,67.37
AR,b,1972,6,0.00083,0.00083,0.5,97890,81,97850,6501360,66.41
AR,b,1972,7,0.00055,0.00055,0.5,97809,54,97782,6403510,65.47
AR,b,1972,8,0.00062,0.00062,0.5,97756,61,97725,6305728,64.51
AR,b,1972,9,0.00056,0.00056,0.5,97695,55,97667,6208003,63.54
AR,b,1972,10,0.00095,0.00095,0.5,97640,92,97594,6110335,62.58
AR,b,1972,11,0.00050,0.00050,0.5,97547,49,97523,6012742,61.64
AR,b,1972,12,0.00054,0.00054,0.5,97499,52,97473,5915219,60.67
AR,b,1972,13,0.00030,0.00030,0.5,97446,29,97432,5817746,59.70
AR,b,1972,14,0.00090,0.00090,0.5,97418,87,97374,5720314,58.72
AR,b,1972,15,0.00121,0.00121,0.5,97330,118,97271,5622940,57.77
AR,b,1972,16,0.00116,0.00116,0.5,97213,113,97156,5525669,56.84
AR,b,1972,17,0.00167,0.00167,0.5,97100,162,97019,5428512,55.91
AR,b,1972,18,0.00202,0.00202,0.5,96937,196,96839,5331494,55.00
AR,b,1972,19,0.00150,0.00150,0.5,96742,145,96669,5234654,54.11
AR,b,1972,20,0.00211,0.00211,0.5,96597,203,96495,5137985,53.19
AR,b,1972,21,0.00181,0.00181,0.5,96393,174,96306,5041491,52.30
AR,b,1972,22,0.00164,0.00164,0.5,96219,158,96140,4945184,51.40
AR,b,1972,23,0.00214,0.00214,0.5,96061,205,95958,4849045,50.48
AR,b,1972,24,0.00118,0.00118,0.5,95856,113,95799,4753086,49.59
AR,b,1972,25,0.00221,0.00221,0.5,95743,211,95637,4657287,48.64
AR,b,1972,26,0.00150,0.00150,0.5,95532,143,95460,4561650,47.75
AR,b,1972,27,0.00179,0.00178,0.5,95388,170,95303,4466190,46.82
AR,b,1972,28,0.00136,0.00136,0.5,95218,129,95153,4370886,45.90
AR,b,1972,29,0.00169,0.00169,0.5,95089,160,95009,4275733,44.97
AR,b,1972,30,0.00202,0.00202,0.5,94929,192,94833,4180724,44.04
AR,b,1972,31,0.00160,0.00160,0.5,94737,152,94661,4085891,43.13
AR,b,1972,32,0.00264,0.00263,0.5,94585,249,94460,3991231,42.20
AR,b,1972,33,0.00218,0.00218,0.5,94336,205,94233,3896770,41.31
AR,b,1972,34,0.00217,0.00217,0.5,94130,204,94028,3802537,40.40
AR,b,1972,35,0.00213,0.00213,0.5,93926,200,93826,3708509,39.48
AR,b,1972,36,0.00223,0.00222,0.5,93726,208,93622,3614684,38.57
AR,b,1972,37,0.00239,0.00239,0.5,93517,224,93406,3521062,37.65
AR,b,1972,38,0.00354,0.00353,0.5,93294,329,93129,3427657,36.74
AR,b,1972,39,0.00234,0.00233,0.5,92964,217,92856,3334528,35.87
AR,b,1972,40,0.00250,0.00250,0.5,92747,232,92631,3241672,34.95
AR,b,1972,41,0.00359,0.00358,0.5,92516,331,92350,3149040,34.04
AR,b,1972,42,0.00462,0.00461,0.5,92184,425,91972,3056690,33.16
AR,b,1972,43,0.00319,0.00319,0.5,91760,292,91614,2964718,32.31
AR,b,1972,44,0.00423,0.00422,0.5,91467,386,91275,2873104,31.41
AR,b,1972,45,0.00548,0.00547,0.5,91082,498,90833,2781830,30.54
AR,b,1972,46,0.00510,0.00508,0.5,90583,460,90353,2690997,29.71
AR,b,1972,47,0.00543,0.00541,0.5,90123,488,89879,2600644,28.86
AR,b,1972,48,0.00702,0.00700,0.5,89635,627,89322,2510765,28.01
AR,b,1972,49,0.00564,0.00562,0.5,89008,500,88758,2421443,27.20
AR,b,1972,50,0.00773,0.00770,0.5,88508,682,88167,2332686,26.36
AR,b,1972,51,0.00623,0.00621,0.5,87826,546,87553,2244519,25.56
AR,b,1972,52,0.00947,0.00943,0.5,87280,823,86869,2156966,24.71
AR,b,1972,53,0.00965,0.00961,0.5,86458,830,86042,2070097,23.94
AR,b,1972,54,0.00905,0.00901,0.5,85627,771,85241,1984055,23.17
AR,b,1972,55,0.01006,0.01001,0.5,84856,849,84431,1898813,22.38
AR,b,1972,56,0.01197,0.01190,0.5,84006,999,83506,1814383,21.60
AR,b,1972,57,0.01207,0.01199,0.5,83007,996,82509,1730876,20.85
AR,b,1972,58,0.01261,0.01253,0.5,82011,1028,81497,1648367,20.10
AR,b,1972,59,0.01487,0.01476,0.5,80983,1195,80386,1566870,19.35
AR,b,1972,60,0.01368,0.01359,0.5,79788,1084,79246,1486484,18.63
AR,b,1972,61,0.01880,0.01862,0.5,78704,1466,77972,1407237,17.88
AR,b,1972,62,0.02144,0.02122,0.5,77239,1639,76419,1329266,17.21
AR,b,1972,63,0.02093,0.02072,0.5,75600,1566,74817,1252846,16.57
AR,b,1972,64,0.02367,0.02340,0.5,74034,1732,73168,1178029,15.91
AR,b,1972,65,0.02451,0.02421,0.5,72302,1751,71426,1104862,15.28
AR,b,1972,66,0.02567,0.02534,0.5,70551,1788,69657,1033435,14.65
AR,b,1972,67,0.02715,0.02679,0.5,68763,1842,67842,963778,14.02
AR,b,1972,68,0.02982,0.02938,0.5,66921,1966,65938,895936,13.39
AR,b,1972,69,0.03607,0.03543,0.5,64955,2301,63804,829997,12.78
AR,b,1972,70,0.03039,0.02994,0.5,62654,1876,61716,766193,12.23
AR,b,1972,71,0.04224,0.04136,0.5,60778,2514,59521,704477,11.59
AR,b,1972,72,0.04469,0.04371,0.5,58264,2547,56991,644956,11.07
AR,b,1972,73,0.04570,0.04468,0.5,55717,2489,54472,587966,10.55
AR,b,1972,74,0.05054,0.04929,0.5,53228,2624,51916,533493,10.02
AR,b,1972,75,0.05528,0.05380,0.5,50604,2722,49243,481577,9.52
AR,b,1972,76,0.05783,0.05621,0.5,47882,2691,46536,432335,9.03
AR,b,1972,77,0.06564,0.06356,0.5,45190,2872,43754,385799,8.54
AR,b,1972,78,0.06903,0.06673,0.5,42318,2824,40906,342045,8.08
AR,b,1972,79,0.08308,0.07976,0.5,39494,3150,37919,301138,7.62
AR,b,1972,80,0.08505,0.08158,0.5,36344,2965,34862,263219,7.24
AR,b,1972,81,0.08863,0.08486,0.5,33379,2833,31963,228358,6.84
AR,b,1972,82,0.09888,0.09422,0.5,30546,2878,29107,196395,6.43
AR,b,1972,83,0.11074,0.10493,0.5,27668,2903,26217,167288,6.05
AR,b,1972,84,0.12390,0.11667,0.5,24765,2889,23320,141071,5.70
AR,b,1972,85,0.13470,0.12620,0.5,21876,2761,20495,117751,5.38
AR,b,1972,86,0.14998,0.13951,0.5,19115,2667,17782,97255,5.09
AR,b,1972,87,0.16789,0.15489,0.5,16448,2548,15174,79474,4.83
AR,b,1972,88,0.17323,0.15943,0.5,13901,2216,12792,64300,4.63
AR,b,1972,89,0.16579,0.15310,0.5,11684,1789,10790,51507,4.41
AR,b,1972,90,0.18775,0.17164,0.5,9896,1698,9046,40717,4.11
AR,b,1972,91,0.20918,0.18937,0.5,8197,1552,7421,31671,3.86
AR,b,1972,92,0.22519,0.20240,0.5,6645,1345,5972,24250,3.65
AR,b,1972,93,0.24207,0.21594,0.5,5300,1144,4728,18277,3.45
AR,b,1972,94,0.25983,0.22995,0.5,4155,956,3678,13550,3.26
AR,b,1972,95,0.27843,0.24441,0.5,3200,782,2809,9872,3.09
AR,b,1972,96,0.29786,0.25925,0.5,2418,627,2104,7063,2.92
AR,b,1972,97,0.31807,0.27443,0.5,1791,492,1545,4959,2.77
AR,b,1972,98,0.33902,0.28988,0.5,1299,377,1111,3414,2.63
AR,b,1972,99,0.36065,0.30555,0.5,923,282,782,2302,2.50
AR,b,1972,100,0.38289,0.32136,0.5,641,206,538,1521,2.37
AR,b,1972,101,0.40565,0.33725,0.5,435,147,362,983,2.26
AR,b,1972,102,0.42885,0.35313,0.5,288,102,237,621,2.16
AR,b,1972,103,0.45239,0.36894,0.5,186,69,152,384,2.06
AR,b,1972,104,0.47616,0.38460,0.5,118,45,95,232,1.97
AR,b,1972,105,0.50007,0.40004,0.5,72,29,58,137,1.89
AR,b,1972,106,0.52399,0.41521,0.5,43,18,34,79,1.82
AR,b,1972,107,0.54782,0.43003,0.5,25,11,20,44,1.75
AR,b,1972,108,0.57145,0.44446,0.5,14,6,11,25,1.69
AR,b,1972,109,0.59477,0.45843,0.5,8,4,6,13,1.65
AR,b,1972,110+,0.61767,1.00000,1.62,4,4,7,7,1.62
AR,b,1973,0,0.02005,0.01970,0.1,100000,1970,98235,7102950,71.03
AR,b,1973,1,0.00138,0.00138,0.5,98030,136,97962,7004715,71.45
AR,b,1973,2,0.00063,0.00063,0.5,97895,62,97864,6906753,70.55
AR,b,1973,3,0.00070,0.00070,0.5,97833,69,97799,6808889,69.60
AR,b,1973,4,0.00094,0.00094,0.5,97764,92,97718,6711090,68.65
AR,b,1973,5,0.00061,0.00061,0.5,97672,59,97642,6613372,67.71
AR,b,1973,6,0.00033,0.00033,0.5,97613,32,97597,6515730,66.75
AR,b,1973,7,0.00040,0.00040,0.5,97580,39,97561,6418133,65.77
AR,b,1973,8,0.00053,0.00053,0.5,97541,52,97515,6320573,64.80
AR,b,1973,9,0.00063,0.00063,0.5,97489,62,97458,6223058,63.83
AR,b,1973,10,0.00044,0.00044,0.5,97427,43,97406,6125600,62.87
AR,b,1973,11,0.00032,0.00032,0.5,97384,31,97368,6028194,61.90
AR,b,1973,12,0.00054,0.00054,0.5,97353,53,97326,5930826,60.92
AR,b,1973,13,0.00029,0.00029,0.5,97300,28,97286,5833499,59.95
AR,b,1973,14,0.00054,0.00054,0.5,97272,53,97245,5736213,58.97
AR,b,1973,15,0.00072,0.00072,0.5,97219,70,97184,5638968,58.00
AR,b,1973,16,0.00122,0.00122,0.5,97149,118,97090,5541784,57.04
AR,b,1973,17,0.00109,0.00109,0.5,97031,106,96978,5444694,56.11
AR,b,1973,18,0.00173,0.00172,0.5,96925,167,96841,5347716,55.17
AR,b,1973,19,0.00156,0.00156,0.5,96758,151,96682,5250874,54.27
AR,b,1973,20,0.00144,0.00144,0.5,96607,139,96538,5154192,53.35
AR,b,1973,21,0.00129,0.00129,0.5,96468,125,96406,5057654,52.43
AR,b,1973,22,0.00145,0.00145,0.5,96344,140,96274,4961248,51.50
AR,b,1973,23,0.00195,0.00195,0.5,96204,188,96110,4864974,50.57
AR,b,1973,24,0.00180,0.00180,0.5,96017,173,95930,4768864,49.67
AR,b,1973,25,0.00147,0.00147,0.5,95844,141,95774,4672934,48.76
AR,b,1973,26,0.00172,0.00171,0.5,95703,164,95621,4577160,47.83
AR,b,1973,27,0.00170,0.00170,0.5,95539,163,95458,4481539,46.91
AR,b,1973,28,0.00148,0.00148,0.5,95377,141,95306,4386081,45.99
AR,b,1973,29,0.00157,0.00157,0.5,95236,150,95161,4290775,45.05
AR,b,1973,30,0.00131,0.00130,0.5,95086,124,95024,4195614,44.12
AR,b,1973,31,0.00165,0.00165,0.5,94962,157,94884,4100590,43.18
AR,b,1973,32,0.00140,0.00140,0.5,94805,132,94739,4005707,42.25
AR,b,1973,33,0.00245,0.00245,0.5,94673,232,94557,3910968,41.31
AR,b,1973,34,0.00153,0.00153,0.5,94441,145,94369,3816411,40.41
AR,b,1973,35,0.00238,0.00238,0.5,94296,224,94184,3722042,39.47
AR,b,1973,36,0.00248,0.00248,0.5,94072,233,93956,3627858,38.56
AR,b,1973,37,0.00252,0.00252,0.5,93839,237,93721,3533902,37.66
AR,b,1973,38,0.00249,0.00249,0.5,93603,233,93486,3440182,36.75
AR,b,1973,39,0.00263,0.00262,0.5,93369,245,93247,3346696,35.84
AR,b,1973,40,0.00269,0.00269,0.5,93124,250,92999,3253449,34.94
AR,b,1973,41,0.00277,0.00277,0.5,92874,257,92746,3160449,34.03
AR,b,1973,42,0.00374,0.00373,0.5,92617,346,92444,3067704,33.12
AR,b,1973,43,0.00453,0.00452,0.5,92271,417,92063,2975259,32.24
AR,b,1973,44,0.00470,0.00469,0.5,91854,430,91639,2883197,31.39
AR,b,1973,45,0.00496,0.00495,0.5,91424,452,91198,2791557,30.53
AR,b,1973,46,0.00476,0.00475,0.5,90972,432,90756,2700359,29.68
AR,b,1973,47,0.00523,0.00521,0.5,90540,472,90304,2609603,28.82
AR,b,1973,48,0.00667,0.00665,0.5,90068,599,89769,2519299,27.97
AR,b,1973,49,0.00799,0.00796,0.5,89469,712,89113,2429531,27.15
AR,b,1973,50,0.00698,0.00696,0.5,88757,617,88449,2340417,26.37
AR,b,1973,51,0.00847,0.00843,0.5,88140,743,87768,2251969,25.55
AR,b,1973,52,0.00941,0.00937,0.5,87397,819,86988,2164200,24.76
AR,b,1973,53,0.00974,0.00970,0.5,86578,839,86158,2077213,23.99
AR,b,1973,54,0.00965,0.00960,0.5,85739,823,85327,1991054,23.22
AR,b,1973,55,0.01126,0.01120,0.5,84915,951,84440,1905727,22.44
AR,b,1973,56,0.01234,0.01226,0.5,83964,1029,83450,1821287,21.69
AR,b,1973,57,0.01260,0.01252,0.5,82935,1038,82416,1737838,20.95
AR,b,1973,58,0.01286,0.01277,0.5,81897,1046,81374,1655422,20.21
AR,b,1973,59,0.01466,0.01455,0.5,80851,1176,80263,1574048,19.47
AR,b,1973,60,0.01662,0.01648,0.5,79675,1313,79018,1493785,18.75
AR,b,1973,61,0.01815,0.01798,0.5,78361,1409,77657,1414767,18.05
AR,b,1973,62,0.01863,0.01845,0.5,76952,1420,76242,1337110,17.38
AR,b,1973,63,0.02067,0.02046,0.5,75532,1545,74760,1260868,16.69
AR,b,1973,64,0.02105,0.02083,0.5,73987,1541,73216,1186108,16.03
AR,b,1973,65,0.02494,0.02463,0.5,72446,1784,71553,1112892,15.36
AR,b,1973,66,0.02415,0.02386,0.5,70661,1686,69818,1041339,14.74
AR,b,1973,67,0.02677,0.02642,0.5,68975,1822,68064,971521,14.09
AR,b,1973,68,0.03162,0.03112,0.5,67153,2090,66108,903457,13.45
AR,b,1973,69,0.03090,0.03043,0.5,65063,1980,64073,837349,12.87
AR,b,1973,70,0.03352,0.03297,0.5,63083,2080,62043,773276,12.26
AR,b,1973,71,0.03834,0.03762,0.5,61003,2295,59856,711233,11.66
AR,b,1973,72,0.04279,0.04190,0.5,58709,2460,57479,651377,11.10
AR,b,1973,73,0.04350,0.04257,0.5,56249,2395,55051,593898,10.56
AR,b,1973,74,0.04969,0.04849,0.5,53854,2611,52548,538847,10.01
AR,b,1973,75,0.05650,0.05494,0.5,51243,2815,49835,486299,9.49
AR,b,1973,76,0.05656,0.05501,0.5,48427,2664,47095,436464,9.01
AR,b,1973,77,0.05797,0.05634,0.5,45763,2578,44474,389368,8.51
AR,b,1973,78,0.06252,0.06062,0.5,43185,2618,41876,344894,7.99
AR,b,1973,79,0.07690,0.07405,0.5,40567,3004,39065,303018,7.47
AR,b,1973,80,0.08641,0.08283,0.5,37563,3111,36008,263953,7.03
AR,b,1973,81,0.09612,0.09172,0.5,34452,3160,32872,227945,6.62
AR,b,1973,82,0.10050,0.09569,0.5,31292,2994,29795,195073,6.23
AR,b,1973,83,0.11145,0.10557,0.5,28298,2987,26804,165278,5.84
AR,b,1973,84,0.13884,0.12983,0.5,25310,3286,23667,138475,5.47
AR,b,1973,85,0.13334,0.12501,0.5,22024,2753,20648,114807,5.21
AR,b,1973,86,0.15419,0.14315,0.5,19271,2759,17892,94160,4.89
AR,b,1973,87,0.15880,0.14712,0.5,16512,2429,15298,76268,4.62
AR,b,1973,88,0.17298,0.15921,0.5,14083,2242,12962,60970,4.33
AR,b,1973,89,0.20583,0.18663,0.5,11841,2210,10736,48008,4.05
AR,b,1973,90,0.21677,0.19557,0.5,9631,1884,8689,37272,3.87
AR,b,1973,91,0.22098,0.19899,0.5,7747,1542,6977,28583,3.69
AR,b,1973,92,0.23811,0.21278,0.5,6206,1320,5546,21607,3.48
AR,b,1973,93,0.25615,0.22707,0.5,4885,1109,4331,16061,3.29
AR,b,1973,94,0.27507,0.24182,0.5,3776,913,3319,11730,3.11
AR,b,1973,95,0.29486,0.25697,0.5,2863,736,2495,8411,2.94
AR,b,1973,96,0.31546,0.27248,0.5,2127,580,1837,5916,2.78
AR,b,1973,97,0.33683,0.28828,0.5,1548,446,1325,4078,2.64
AR,b,1973,98,0.35891,0.30430,0.5,1101,335,934,2754,2.50
AR,b,1973,99,0.38162,0.32047,0.5,766,246,643,1820,2.38
AR,b,1973,100,0.40488,0.33672,0.5,521,175,433,1177,2.26
AR,b,1973,101,0.42860,0.35296,0.5,345,122,284,744,2.15
AR,b,1973,102,0.45266,0.36912,0.5,223,82,182,459,2.05
AR,b,1973,103,0.47696,0.38512,0.5,141,54,114,277,1.96
AR,b,1973,104,0.50140,0.40089,0.5,87,35,69,163,1.88
AR,b,1973,105,0.52584,0.41637,0.5,52,22,41,94,1.81
AR,b,1973,106,0.55017,0.43148,0.5,30,13,24,53,1.74
AR,b,1973,107,0.57429,0.44617,0.5,17,8,13,29,1.68
AR,b,1973,108,0.59807,0.46039,0.5,10,4,7,15,1.62
AR,b,1973,109,0.62141,0.47410,0.5,5,2,4,8,1.58
AR,b,1973,110+,0.64421,1.00000,1.55,3,3,4,4,1.55
AR,b,1974,0,0.01784,0.01756,0.1,100000,1756,98416,7142878,71.43
AR,b,1974,1,0.00142,0.00142,0.5,98244,140,98174,7044462,71.70
AR,b,1974,2,0.00079,0.00079,0.5,98105,77,98066,6946287,70.80
AR,b,1974,3,0.00105,0.00105,0.5,98027,103,97976,6848221,69.86
AR,b,1974,4,0.00052,0.00052,0.5,97925,51,97900,6750245,68.93
AR,b,1974,5,0.00055,0.00055,0.5,97874,54,97847,6652346,67.97
AR,b,1974,6,0.00053,0.00053,0.5,97821,52,97795,6554498,67.01
AR,b,1974,7,0.00041,0.00041,0.5,97768,40,97748,6456704,66.04
AR,b,1974,8,0.00031,0.00031,0.5,97728,30,97713,6358955,65.07
AR,b,1974,9,0.00044,0.00044,0.5,97698,43,97676,6261242,64.09
AR,b,1974,10,0.00029,0.00029,0.5,97655,29,97640,6163566,63.12
AR,b,1974,11,0.00048,0.00048,0.5,97626,47,97602,6065925,62.13
AR,b,1974,12,0.00039,0.00039,0.5,97579,38,97560,5968323,61.16
AR,b,1974,13,0.00054,0.00054,0.5,97541,53,97514,5870763,60.19
AR,b,1974,14,0.00068,0.00068,0.5,97488,66,97455,5773249,59.22
AR,b,1974,15,0.00098,0.00098,0.5,97422,96,97374,5675794,58.26
AR,b,1974,16,0.00126,0.00126,0.5,97326,123,97265,5578420,57.32
AR,b,1974,17,0.00137,0.00137,0.5,97203,133,97137,5481155,56.39
AR,b,1974,18,0.00128,0.00128,0.5,97071,124,97009,5384018,55.46
AR,b,1974,19,0.00138,0.00138,0.5,96947,134,96880,5287009,54.54
AR,b,1974,20,0.00088,0.00088,0.5,96813,85,96770,5190129,53.61
AR,b,1974,21,0.00141,0.00141,0.5,96727,136,96660,5093359,52.66
AR,b,1974,22,0.00143,0.00143,0.5,96592,138,96522,4996700,51.73
AR,b,1974,23,0.00129,0.00129,0.5,96453,124,96391,4900177,50.80
AR,b,1974,24,0.00124,0.00124,0.5,96329,119,96269,4803786,49.87
AR,b,1974,25,0.00163,0.00163,0.5,96210,157,96131,4707517,48.93
AR,b,1974,26,0.00164,0.00164,0.5,96053,158,95974,4611385,48.01
AR,b,1974,27,0.00169,0.00169,0.5,95895,162,95814,4515411,47.09
AR,b,1974,28,0.00153,0.00153,0.5,95733,147,95660,4419597,46.17
AR,b,1974,29,0.00209,0.00208,0.5,95587,199,95487,4323937,45.24
AR,b,1974,30,0.00127,0.00127,0.5,95387,121,95327,4228450,44.33
AR,b,1974,31,0.00147,0.00147,0.5,95267,140,95197,4133123,43.38
AR,b,1974,32,0.00145,0.00145,0.5,95127,138,95058,4037926,42.45
AR,b,1974,33,0.00132,0.00132,0.5,94989,125,94926,3942868,41.51
AR,b,1974,34,0.00178,0.00178,0.5,94864,169,94779,3847942,40.56
AR,b,1974,35,0.00242,0.00242,0.5,94694,229,94580,3753163,39.63
AR,b,1974,36,0.00166,0.00166,0.5,94466,157,94387,3658583,38.73
AR,b,1974,37,0.00185,0.00184,0.5,94309,174,94222,3564196,37.79
AR,b,1974,38,0.00276,0.00276,0.5,94135,260,94005,3469974,36.86
AR,b,1974,39,0.00317,0.00316,0.5,93875,297,93727,3375969,35.96
AR,b,1974,40,0.00270,0.00270,0.5,93578,252,93452,3282243,35.07
AR,b,1974,41,0.00329,0.00329,0.5,93326,307,93172,3188791,34.17
AR,b,1974,42,0.00411,0.00410,0.5,93019,381,92828,3095618,33.28
AR,b,1974,43,0.00429,0.00428,0.5,92638,396,92439,3002790,32.41
AR,b,1974,44,0.00445,0.00444,0.5,92241,409,92037,2910350,31.55
AR,b,1974,45,0.00609,0.00607,0.5,91832,557,91553,2818314,30.69
AR,b,1974,46,0.00483,0.00482,0.5,91275,440,91055,2726760,29.87
AR,b,1974,47,0.00547,0.00546,0.5,90835,496,90587,2635705,29.02
AR,b,1974,48,0.00670,0.00668,0.5,90339,603,90038,2545118,28.17
AR,b,1974,49,0.00643,0.00641,0.5,89736,575,89449,2455080,27.36
AR,b,1974,50,0.00636,0.00634,0.5,89161,565,88879,2365632,26.53
AR,b,1974,51,0.00816,0.00813,0.5,88596,720,88236,2276753,25.70
AR,b,1974,52,0.00851,0.00847,0.5,87876,745,87504,2188517,24.90
AR,b,1974,53,0.00836,0.00832,0.5,87132,725,86769,2101013,24.11
AR,b,1974,54,0.01103,0.01097,0.5,86407,948,85933,2014244,23.31
AR,b,1974,55,0.01085,0.01080,0.5,85459,923,84998,1928311,22.56
AR,b,1974,56,0.01122,0.01115,0.5,84536,943,84065,1843313,21.80
AR,b,1974,57,0.01351,0.01342,0.5,83594,1122,83033,1759248,21.05
AR,b,1974,58,0.01467,0.01457,0.5,82472,1201,81871,1676216,20.32
AR,b,1974,59,0.01473,0.01463,0.5,81270,1189,80676,1594344,19.62
AR,b,1974,60,0.01585,0.01572,0.5,80082,1259,79452,1513668,18.90
AR,b,1974,61,0.01785,0.01769,0.5,78822,1394,78125,1434216,18.20
AR,b,1974,62,0.01879,0.01861,0.5,77428,1441,76708,1356091,17.51
AR,b,1974,63,0.02142,0.02120,0.5,75987,1611,75182,1279384,16.84
AR,b,1974,64,0.02266,0.02241,0.5,74376,1667,73543,1204202,16.19
AR,b,1974,65,0.02233,0.02208,0.5,72710,1606,71907,1130659,15.55
AR,b,1974,66,0.02489,0.02458,0.5,71104,1748,70230,1058752,14.89
AR,b,1974,67,0.02764,0.02726,0.5,69356,1891,68411,988522,14.25
AR,b,1974,68,0.02843,0.02803,0.5,67465,1891,66520,920111,13.64
AR,b,1974,69,0.03319,0.03265,0.5,65574,2141,64504,853592,13.02
AR,b,1974,70,0.03464,0.03405,0.5,63433,2160,62353,789088,12.44
AR,b,1974,71,0.03653,0.03588,0.5,61273,2198,60174,726734,11.86
AR,b,1974,72,0.04069,0.03988,0.5,59075,2356,57897,666560,11.28
AR,b,1974,73,0.04514,0.04415,0.5,56719,2504,55467,608663,10.73
AR,b,1974,74,0.04860,0.04745,0.5,54215,2573,52929,553197,10.20
AR,b,1974,75,0.04931,0.04812,0.5,51642,2485,50400,500268,9.69
AR,b,1974,76,0.05230,0.05096,0.5,49157,2505,47905,449868,9.15
AR,b,1974,77,0.06106,0.05925,0.5,46652,2764,45270,401963,8.62
AR,b,1974,78,0.06571,0.06362,0.5,43888,2792,42492,356694,8.13
AR,b,1974,79,0.07217,0.06966,0.5,41095,2863,39664,314202,7.65
AR,b,1974,80,0.08489,0.08144,0.5,38233,3114,36676,274538,7.18
AR,b,1974,81,0.08968,0.08583,0.5,35119,3014,33612,237862,6.77
AR,b,1974,82,0.10180,0.09687,0.5,32105,3110,30550,204250,6.36
AR,b,1974,83,0.10494,0.09971,0.5,28995,2891,27549,173700,5.99
AR,b,1974,84,0.11810,0.11151,0.5,26104,2911,24648,146151,5.60
AR,b,1974,85,0.13323,0.12491,0.5,23193,2897,21744,121502,5.24
AR,b,1974,86,0.14705,0.13698,0.5,20296,2780,18906,99758,4.92
AR,b,1974,87,0.15044,0.13992,0.5,17516,2451,16290,80852,4.62
AR,b,1974,88,0.18268,0.16739,0.5,15065,2522,13804,64562,4.29
AR,b,1974,89,0.19717,0.17948,0.5,12543,2251,11418,50757,4.05
AR,b,1974,90,0.20861,0.18891,0.5,10292,1944,9320,39340,3.82
AR,b,1974,91,0.22572,0.20283,0.5,8348,1693,7501,30020,3.60
AR,b,1974,92,0.24325,0.21687,0.5,6655,1443,5933,22519,3.38
AR,b,1974,93,0.26320,0.23259,0.5,5211,1212,4605,16586,3.18
AR,b,1974,94,0.28422,0.24885,0.5,3999,995,3502,11980,3.00
AR,b,1974,95,0.30625,0.26558,0.5,3004,798,2605,8479,2.82
AR,b,1974,96,0.32924,0.28270,0.5,2206,624,1894,5874,2.66
AR,b,1974,97,0.35311,0.30012,0.5,1583,475,1345,3979,2.51
AR,b,1974,98,0.37777,0.31775,0.5,1108,352,932,2634,2.38
AR,b,1974,99,0.40310,0.33549,0.5,756,254,629,1703,2.25
AR,b,1974,100,0.42900,0.35323,0.5,502,177,413,1074,2.14
AR,b,1974,101,0.45531,0.37088,0.5,325,120,265,660,2.03
AR,b,1974,102,0.48189,0.38832,0.5,204,79,165,396,1.94
AR,b,1974,103,0.50859,0.40548,0.5,125,51,100,231,1.85
AR,b,1974,104,0.53525,0.42225,0.5,74,31,59,131,1.77
AR,b,1974,105,0.56172,0.43855,0.5,43,19,34,73,1.70
AR,b,1974,106,0.58785,0.45431,0.5,24,11,19,39,1.63
AR,b,1974,107,0.61349,0.46948,0.5,13,6,10,21,1.57
AR,b,1974,108,0.63851,0.48399,0.5,7,3,5,11,1.52
AR,b,1974,109,0.66280,0.49782,0.5,4,2,3,5,1.48
AR,b,1974,110+,0.68624,1.00000,1.46,2,2,3,3,1.46
AR,b,1975,0,0.01853,0.01822,0.1,100000,1822,98360,7200108,72.00
AR,b,1975,1,0.00114,0.00114,0.5,98178,112,98122,7101748,72.34
AR,b,1975,2,0.00102,0.00102,0.5,98066,100,98016,7003626,71.42
AR,b,1975,3,0.00095,0.00095,0.5,97966,93,97919,6905611,70.49
AR,b,1975,4,0.00036,0.00036,0.5,97873,36,97855,6807691,69.56
AR,b,1975,5,0.00046,0.00046,0.5,97837,45,97815,6709836,68.58
AR,b,1975,6,0.00034,0.00034,0.5,97792,33,97775,6612022,67.61
AR,b,1975,7,0.00035,0.00035,0.5,97759,34,97742,6514246,66.64
AR,b,1975,8,0.00037,0.00037,0.5,97725,37,97706,6416504,65.66
AR,b,1975,9,0.00025,0.00025,0.5,97688,24,97676,6318798,64.68
AR,b,1975,10,0.00041,0.00041,0.5,97664,40,97644,6221122,63.70
AR,b,1975,11,0.00049,0.00048,0.5,97624,47,97600,6123478,62.73
AR,b,1975,12,0.00036,0.00036,0.5,97577,35,97559,6025877,61.76
AR,b,1975,13,0.00036,0.00036,0.5,97542,35,97524,5928318,60.78
AR,b,1975,14,0.00070,0.00070,0.5,97506,69,97472,5830794,59.80
AR,b,1975,15,0.00083,0.00083,0.5,97438,81,97397,5733322,58.84
AR,b,1975,16,0.00083,0.00083,0.5,97357,80,97316,5635925,57.89
AR,b,1975,17,0.00130,0.00130,0.5,97276,126,97213,5538608,56.94
AR,b,1975,18,0.00126,0.00126,0.5,97150,122,97089,5441395,56.01
AR,b,1975,19,0.00176,0.00175,0.5,97028,170,96943,5344307,55.08
AR,b,1975,20,0.00133,0.00133,0.5,96858,128,96793,5247364,54.18
AR,b,1975,21,0.00120,0.00120,0.5,96729,116,96671,5150570,53.25
AR,b,1975,22,0.00187,0.00187,0.5,96613,180,96523,5053899,52.31
AR,b,1975,23,0.00140,0.00140,0.5,96433,135,96365,4957376,51.41
AR,b,1975,24,0.00101,0.00101,0.5,96298,97,96249,4861011,50.48
AR,b,1975,25,0.00104,0.00104,0.5,96201,100,96151,4764761,49.53
AR,b,1975,26,0.00124,0.00124,0.5,96101,119,96041,4668610,48.58
AR,b,1975,27,0.00159,0.00159,0.5,95982,153,95905,4572569,47.64
AR,b,1975,28,0.00100,0.00100,0.5,95829,95,95781,4476664,46.72
AR,b,1975,29,0.00108,0.00108,0.5,95733,103,95682,4380883,45.76
AR,b,1975,30,0.00164,0.00164,0.5,95630,157,95551,4285201,44.81
AR,b,1975,31,0.00158,0.00158,0.5,95473,150,95398,4189650,43.88
AR,b,1975,32,0.00147,0.00147,0.5,95323,140,95253,4094252,42.95
AR,b,1975,33,0.00166,0.00166,0.5,95182,158,95103,3998999,42.01
AR,b,1975,34,0.00237,0.00237,0.5,95024,225,94912,3903896,41.08
AR,b,1975,35,0.00177,0.00177,0.5,94799,167,94715,3808984,40.18
AR,b,1975,36,0.00229,0.00229,0.5,94632,217,94523,3714269,39.25
AR,b,1975,37,0.00229,0.00229,0.5,94415,216,94307,3619746,38.34
AR,b,1975,38,0.00253,0.00253,0.5,94199,238,94080,3525439,37.43
AR,b,1975,39,0.00287,0.00286,0.5,93961,269,93826,3431359,36.52
AR,b,1975,40,0.00296,0.00296,0.5,93692,277,93553,3337533,35.62
AR,b,1975,41,0.00253,0.00253,0.5,93414,236,93296,3243980,34.73
AR,b,1975,42,0.00404,0.00403,0.5,93178,375,92990,3150684,33.81
AR,b,1975,43,0.00354,0.00354,0.5,92803,328,92638,3057693,32.95
AR,b,1975,44,0.00435,0.00434,0.5,92474,402,92274,2965055,32.06
AR,b,1975,45,0.00385,0.00384,0.5,92073,354,91896,2872781,31.20
AR,b,1975,46,0.00483,0.00482,0.5,91719,442,91498,2780885,30.32
AR,b,1975,47,0.00507,0.00505,0.5,91277,461,91046,2689387,29.46
AR,b,1975,48,0.00555,0.00554,0.5,90816,503,90564,2598341,28.61
AR,b,1975,49,0.00833,0.00830,0.5,90313,750,89938,2507776,27.77
AR,b,1975,50,0.00723,0.00720,0.5,89563,645,89241,2417838,27.00
AR,b,1975,51,0.00737,0.00735,0.5,88919,653,88592,2328597,26.19
AR,b,1975,52,0.00834,0.00831,0.5,88265,733,87899,2240005,25.38
AR,b,1975,53,0.00818,0.00815,0.5,87532,713,87176,2152106,24.59
AR,b,1975,54,0.00933,0.00929,0.5,86819,807,86416,2064930,23.78
AR,b,1975,55,0.01104,0.01098,0.5,86012,944,85540,1978515,23.00
AR,b,1975,56,0.01271,0.01263,0.5,85068,1075,84531,1892975,22.25
AR,b,1975,57,0.01299,0.01291,0.5,83993,1084,83451,1808444,21.53
AR,b,1975,58,0.01258,0.01250,0.5,82909,1036,82391,1724993,20.81
AR,b,1975,59,0.01325,0.01316,0.5,81873,1077,81334,1642602,20.06
AR,b,1975,60,0.01454,0.01444,0.5,80795,1167,80212,1561268,19.32
AR,b,1975,61,0.01587,0.01574,0.5,79629,1254,79002,1481056,18.60
AR,b,1975,62,0.01737,0.01722,0.5,78375,1350,77700,1402054,17.89
AR,b,1975,63,0.01901,0.01883,0.5,77025,1450,76300,1324353,17.19
AR,b,1975,64,0.02342,0.02315,0.5,75575,1749,74700,1248053,16.51
AR,b,1975,65,0.02270,0.02244,0.5,73826,1657,72997,1173353,15.89
AR,b,1975,66,0.02462,0.02432,0.5,72169,1755,71291,1100356,15.25
AR,b,1975,67,0.02412,0.02384,0.5,70413,1678,69574,1029065,14.61
AR,b,1975,68,0.02742,0.02705,0.5,68735,1859,67805,959491,13.96
AR,b,1975,69,0.03049,0.03004,0.5,66876,2009,65872,891685,13.33
AR,b,1975,70,0.03205,0.03154,0.5,64867,2046,63844,825814,12.73
AR,b,1975,71,0.03539,0.03477,0.5,62821,2185,61729,761970,12.13
AR,b,1975,72,0.03766,0.03696,0.5,60637,2241,59516,700241,11.55
AR,b,1975,73,0.04137,0.04053,0.5,58395,2367,57212,640725,10.97
AR,b,1975,74,0.04713,0.04605,0.5,56029,2580,54739,583513,10.41
AR,b,1975,75,0.05293,0.05157,0.5,53449,2756,52071,528774,9.89
AR,b,1975,76,0.04755,0.04645,0.5,50693,2355,49515,476703,9.40
AR,b,1975,77,0.06207,0.06021,0.5,48338,2910,46883,427188,8.84
AR,b,1975,78,0.06816,0.06592,0.5,45428,2994,43931,380305,8.37
AR,b,1975,79,0.07076,0.06834,0.5,42433,2900,40983,336374,7.93
AR,b,1975,80,0.08248,0.07922,0.5,39533,3132,37968,295391,7.47
AR,b,1975,81,0.08567,0.08215,0.5,36402,2991,34906,257423,7.07
AR,b,1975,82,0.09437,0.09012,0.5,33411,3011,31906,222516,6.66
AR,b,1975,83,0.11092,0.10509,0.5,30400,3195,28803,190611,6.27
AR,b,1975,84,0.11316,0.10710,0.5,27205,2914,25749,161808,5.95
AR,b,1975,85,0.12291,0.11579,0.5,24292,2813,22885,136059,5.60
AR,b,1975,86,0.13950,0.13040,0.5,21479,2801,20079,113174,5.27
AR,b,1975,87,0.14962,0.13921,0.5,18678,2600,17378,93095,4.98
AR,b,1975,88,0.15637,0.14503,0.5,16078,2332,14912,75717,4.71
AR,b,1975,89,0.17779,0.16328,0.5,13746,2244,12624,60805,4.42
AR,b,1975,90,0.19532,0.17794,0.5,11502,2047,10478,48181,4.19
AR,b,1975,91,0.20087,0.18254,0.5,9455,1726,8592,37703,3.99
AR,b,1975,92,0.21634,0.19522,0.5,7729,1509,6975,29111,3.77
AR,b,1975,93,0.23268,0.20843,0.5,6220,1297,5572,22136,3.56
AR,b,1975,94,0.24990,0.22214,0.5,4924,1094,4377,16564,3.36
AR,b,1975,95,0.26798,0.23632,0.5,3830,905,3377,12187,3.18
AR,b,1975,96,0.28691,0.25092,0.5,2925,734,2558,8810,3.01
AR,b,1975,97,0.30665,0.26589,0.5,2191,583,1900,6252,2.85
AR,b,1975,98,0.32717,0.28117,0.5,1608,452,1382,4352,2.71
AR,b,1975,99,0.34839,0.29671,0.5,1156,343,985,2970,2.57
AR,b,1975,100,0.37027,0.31243,0.5,813,254,686,1985,2.44
AR,b,1975,101,0.39273,0.32827,0.5,559,184,467,1299,2.32
AR,b,1975,102,0.41568,0.34415,0.5,376,129,311,831,2.21
AR,b,1975,103,0.43902,0.35999,0.5,246,89,202,521,2.11
AR,b,1975,104,0.46265,0.37573,0.5,158,59,128,319,2.02
AR,b,1975,105,0.48647,0.39130,0.5,98,39,79,191,1.94
AR,b,1975,106,0.51037,0.40661,0.5,60,24,48,111,1.86
AR,b,1975,107,0.53423,0.42161,0.5,36,15,28,64,1.79
AR,b,1975,108,0.55794,0.43624,0.5,21,9,16,36,1.73
AR,b,1975,109,0.58139,0.45045,0.5,12,5,9,20,1.68
AR,b,1975,110+,0.60448,1.00000,1.65,6,6,11,11,1.65
AR,b,1976,0,0.01586,0.01563,0.09,100000,1563,98581,7272449,72.72
AR,b,1976,1,0.00107,0.00107,0.5,98437,106,98384,7173868,72.88
AR,b,1976,2,0.00093,0.00093,0.5,98331,91,98285,7075484,71.96
AR,b,1976,3,0.00066,0.00066,0.5,98240,65,98207,6977199,71.02
AR,b,1976,4,0.00058,0.00058,0.5,98175,56,98147,6878991,70.07
AR,b,1976,5,0.00046,0.00046,0.5,98119,45,98096,6780845,69.11
AR,b,1976,6,0.00051,0.00051,0.5,98074,50,98049,6682748,68.14
AR,b,1976,7,0.00034,0.00034,0.5,98023,33,98007,6584700,67.17
AR,b,1976,8,0.00035,0.00035,0.5,97991,34,97974,6486693,66.20
AR,b,1976,9,0.00023,0.00023,0.5,97957,22,97946,6388719,65.22
AR,b,1976,10,0.00060,0.00060,0.5,97934,59,97905,6290774,64.23
AR,b,1976,11,0.00043,0.00043,0.5,97876,42,97855,6192869,63.27
AR,b,1976,12,0.00039,0.00039,0.5,97833,38,97815,6095014,62.30
AR,b,1976,13,0.00041,0.00041,0.5,97796,40,97776,5997199,61.32
AR,b,1976,14,0.00065,0.00065,0.5,97756,64,97724,5899424,60.35
AR,b,1976,15,0.00073,0.00073,0.5,97692,72,97656,5801699,59.39
AR,b,1976,16,0.00090,0.00090,0.5,97621,87,97577,5704043,58.43
AR,b,1976,17,0.00113,0.00113,0.5,97533,110,97478,5606466,57.48
AR,b,1976,18,0.00146,0.00146,0.5,97423,142,97352,5508988,56.55
AR,b,1976,19,0.00133,0.00133,0.5,97281,130,97216,5411636,55.63
AR,b,1976,20,0.00130,0.00130,0.5,97151,126,97088,5314420,54.70
AR,b,1976,21,0.00144,0.00144,0.5,97025,140,96955,5217332,53.77
AR,b,1976,22,0.00136,0.00136,0.5,96885,132,96819,5120377,52.85
AR,b,1976,23,0.00113,0.00113,0.5,96753,110,96698,5023558,51.92
AR,b,1976,24,0.00132,0.00132,0.5,96644,127,96580,4926859,50.98
AR,b,1976,25,0.00126,0.00126,0.5,96516,122,96455,4830279,50.05
AR,b,1976,26,0.00110,0.00110,0.5,96395,106,96342,4733824,49.11
AR,b,1976,27,0.00130,0.00130,0.5,96289,125,96226,4637483,48.16
AR,b,1976,28,0.00162,0.00162,0.5,96163,155,96086,4541257,47.22
AR,b,1976,29,0.00179,0.00179,0.5,96008,172,95922,4445171,46.30
AR,b,1976,30,0.00133,0.00133,0.5,95836,128,95772,4349249,45.38
AR,b,1976,31,0.00140,0.00140,0.5,95708,134,95642,4253477,44.44
AR,b,1976,32,0.00171,0.00171,0.5,95575,163,95493,4157835,43.50
AR,b,1976,33,0.00123,0.00123,0.5,95412,118,95353,4062342,42.58
AR,b,1976,34,0.00165,0.00164,0.5,95294,157,95216,3966989,41.63
AR,b,1976,35,0.00151,0.00151,0.5,95137,143,95066,3871773,40.70
AR,b,1976,36,0.00210,0.00209,0.5,94994,199,94895,3776707,39.76
AR,b,1976,37,0.00165,0.00165,0.5,94795,156,94717,3681813,38.84
AR,b,1976,38,0.00218,0.00217,0.5,94639,206,94536,3587096,37.90
AR,b,1976,39,0.00275,0.00275,0.5,94433,259,94303,3492560,36.98
AR,b,1976,40,0.00269,0.00269,0.5,94174,253,94047,3398257,36.09
AR,b,1976,41,0.00267,0.00267,0.5,93921,250,93795,3304210,35.18
AR,b,1976,42,0.00329,0.00328,0.5,93670,308,93516,3210414,34.27
AR,b,1976,43,0.00359,0.00359,0.5,93363,335,93195,3116898,33.38
AR,b,1976,44,0.00377,0.00377,0.5,93028,350,92853,3023703,32.50
AR,b,1976,45,0.00431,0.00430,0.5,92677,398,92478,2930850,31.62
AR,b,1976,46,0.00453,0.00452,0.5,92279,417,92071,2838372,30.76
AR,b,1976,47,0.00428,0.00427,0.5,91862,392,91666,2746301,29.90
AR,b,1976,48,0.00544,0.00542,0.5,91470,496,91222,2654635,29.02
AR,b,1976,49,0.00699,0.00696,0.5,90974,634,90658,2563413,28.18
AR,b,1976,50,0.00743,0.00740,0.5,90341,669,90006,2472755,27.37
AR,b,1976,51,0.00783,0.00780,0.5,89672,699,89323,2382749,26.57
AR,b,1976,52,0.00744,0.00741,0.5,88973,659,88643,2293426,25.78
AR,b,1976,53,0.00776,0.00773,0.5,88314,683,87972,2204783,24.97
AR,b,1976,54,0.00869,0.00865,0.5,87631,758,87252,2116811,24.16
AR,b,1976,55,0.00992,0.00987,0.5,86873,858,86444,2029559,23.36
AR,b,1976,56,0.01209,0.01202,0.5,86015,1034,85498,1943115,22.59
AR,b,1976,57,0.01083,0.01077,0.5,84981,915,84523,1857617,21.86
AR,b,1976,58,0.01207,0.01199,0.5,84066,1008,83562,1773094,21.09
AR,b,1976,59,0.01279,0.01271,0.5,83058,1056,82530,1689532,20.34
AR,b,1976,60,0.01530,0.01518,0.5,82002,1245,81379,1607002,19.60
AR,b,1976,61,0.01723,0.01708,0.5,80757,1380,80067,1525623,18.89
AR,b,1976,62,0.01718,0.01704,0.5,79377,1352,78701,1445556,18.21
AR,b,1976,63,0.01907,0.01889,0.5,78025,1474,77288,1366855,17.52
AR,b,1976,64,0.01971,0.01952,0.5,76551,1494,75804,1289567,16.85
AR,b,1976,65,0.02012,0.01992,0.5,75057,1495,74309,1213763,16.17
AR,b,1976,66,0.02305,0.02279,0.5,73562,1676,72724,1139453,15.49
AR,b,1976,67,0.02436,0.02407,0.5,71886,1730,71021,1066730,14.84
AR,b,1976,68,0.02832,0.02793,0.5,70155,1959,69176,995709,14.19
AR,b,1976,69,0.03017,0.02972,0.5,68196,2027,67183,926533,13.59
AR,b,1976,70,0.03131,0.03083,0.5,66169,2040,65150,859351,12.99
AR,b,1976,71,0.03523,0.03462,0.5,64130,2220,63020,794201,12.38
AR,b,1976,72,0.03663,0.03597,0.5,61909,2227,60796,731182,11.81
AR,b,1976,73,0.04094,0.04012,0.5,59682,2395,58485,670386,11.23
AR,b,1976,74,0.04315,0.04224,0.5,57288,2420,56078,611900,10.68
AR,b,1976,75,0.04905,0.04787,0.5,54868,2627,53555,555822,10.13
AR,b,1976,76,0.05166,0.05036,0.5,52242,2631,50926,502267,9.61
AR,b,1976,77,0.05195,0.05064,0.5,49611,2512,48355,451341,9.10
AR,b,1976,78,0.06498,0.06293,0.5,47099,2964,45617,402986,8.56
AR,b,1976,79,0.06678,0.06462,0.5,44135,2852,42709,357370,8.10
AR,b,1976,80,0.07780,0.07489,0.5,41283,3092,39737,314661,7.62
AR,b,1976,81,0.09045,0.08653,0.5,38191,3305,36539,274924,7.20
AR,b,1976,82,0.08882,0.08504,0.5,34886,2967,33403,238386,6.83
AR,b,1976,83,0.09711,0.09261,0.5,31919,2956,30441,204983,6.42
AR,b,1976,84,0.10870,0.10310,0.5,28963,2986,27470,174541,6.03
AR,b,1976,85,0.12429,0.11701,0.5,25977,3040,24457,147071,5.66
AR,b,1976,86,0.13850,0.12953,0.5,22938,2971,21452,122614,5.35
AR,b,1976,87,0.14166,0.13229,0.5,19966,2641,18646,101162,5.07
AR,b,1976,88,0.14529,0.13545,0.5,17325,2347,16152,82516,4.76
AR,b,1976,89,0.16724,0.15434,0.5,14978,2312,13823,66364,4.43
AR,b,1976,90,0.19465,0.17739,0.5,12667,2247,11543,52542,4.15
AR,b,1976,91,0.21532,0.19439,0.5,10420,2026,9407,40999,3.93
AR,b,1976,92,0.21470,0.19389,0.5,8394,1628,7580,31592,3.76
AR,b,1976,93,0.23170,0.20765,0.5,6767,1405,6064,24011,3.55
AR,b,1976,94,0.24966,0.22195,0.5,5362,1190,4767,17947,3.35
AR,b,1976,95,0.26856,0.23677,0.5,4172,988,3678,13181,3.16
AR,b,1976,96,0.28838,0.25204,0.5,3184,802,2783,9503,2.98
AR,b,1976,97,0.30909,0.26771,0.5,2381,638,2063,6720,2.82
AR,b,1976,98,0.33063,0.28373,0.5,1744,495,1496,4658,2.67
AR,b,1976,99,0.35295,0.30001,0.5,1249,375,1062,3161,2.53
AR,b,1976,100,0.37598,0.31648,0.5,874,277,736,2099,2.40
AR,b,1976,101,0.39962,0.33307,0.5,598,199,498,1363,2.28
AR,b,1976,102,0.42378,0.34968,0.5,399,139,329,865,2.17
AR,b,1976,103,0.44834,0.36624,0.5,259,95,212,536,2.07
AR,b,1976,104,0.47321,0.38267,0.5,164,63,133,325,1.98
AR,b,1976,105,0.49824,0.39887,0.5,101,40,81,192,1.89
AR,b,1976,106,0.52331,0.41478,0.5,61,25,48,111,1.81
AR,b,1976,107,0.54830,0.43033,0.5,36,15,28,62,1.75
AR,b,1976,108,0.57308,0.44544,0.5,20,9,16,34,1.69
AR,b,1976,109,0.59752,0.46007,0.5,11,5,9,18,1.64
AR,b,1976,110+,0.62152,1.00000,1.61,6,6,10,10,1.61
AR,b,1977,0,0.01627,0.01604,0.09,100000,1604,98546,7307477,73.07
AR,b,1977,1,0.00084,0.00084,0.5,98396,83,98355,7208931,73.26
AR,b,1977,2,0.00066,0.00066,0.5,98314,65,98281,7110576,72.33
AR,b,1977,3,0.00063,0.00063,0.5,98249,62,98218,7012295,71.37
AR,b,1977,4,0.00036,0.00036,0.5,98187,35,98170,6914076,70.42
AR,b,1977,5,0.00039,0.00039,0.5,98152,38,98133,6815907,69.44
AR,b,1977,6,0.00035,0.00035,0.5,98114,34,98097,6717773,68.47
AR,b,1977,7,0.00056,0.00056,0.5,98080,55,98052,6619676,67.49
AR,b,1977,8,0.00028,0.00028,0.5,98025,27,98011,6521624,66.53
AR,b,1977,9,0.00037,0.00037,0.5,97997,36,97979,6423613,65.55
AR,b,1977,10,0.00023,0.00023,0.5,97961,22,97950,6325634,64.57
AR,b,1977,11,0.00041,0.00041,0.5,97939,40,97919,6227684,63.59
AR,b,1977,12,0.00043,0.00043,0.5,97899,42,97878,6129765,62.61
AR,b,1977,13,0.00043,0.00043,0.5,97857,42,97836,6031887,61.64
AR,b,1977,14,0.00064,0.00064,0.5,97815,62,97784,5934051,60.67
AR,b,1977,15,0.00068,0.00068,0.5,97753,67,97719,5836266,59.70
AR,b,1977,16,0.00101,0.00101,0.5,97686,99,97637,5738547,58.74
AR,b,1977,17,0.00106,0.00106,0.5,97588,103,97536,5640910,57.80
AR,b,1977,18,0.00107,0.00107,0.5,97484,104,97432,5543374,56.86
AR,b,1977,19,0.00128,0.00128,0.5,97380,125,97318,5445942,55.92
AR,b,1977,20,0.00129,0.00129,0.5,97255,125,97193,5348624,55.00
AR,b,1977,21,0.00148,0.00148,0.5,97130,144,97058,5251432,54.07
AR,b,1977,22,0.00139,0.00139,0.5,96986,135,96918,5154373,53.15
AR,b,1977,23,0.00153,0.00153,0.5,96851,148,96777,5057455,52.22
AR,b,1977,24,0.00125,0.00125,0.5,96703,121,96642,4960678,51.30
AR,b,1977,25,0.00179,0.00179,0.5,96582,173,96495,4864036,50.36
AR,b,1977,26,0.00112,0.00112,0.5,96409,108,96355,4767541,49.45
AR,b,1977,27,0.00101,0.00101,0.5,96301,97,96253,4671186,48.51
AR,b,1977,28,0.00133,0.00133,0.5,96204,128,96140,4574933,47.55
AR,b,1977,29,0.00142,0.00142,0.5,96076,137,96008,4478793,46.62
AR,b,1977,30,0.00136,0.00136,0.5,95940,131,95874,4382784,45.68
AR,b,1977,31,0.00108,0.00108,0.5,95809,103,95758,4286910,44.74
AR,b,1977,32,0.00116,0.00116,0.5,95706,111,95651,4191152,43.79
AR,b,1977,33,0.00118,0.00117,0.5,95595,112,95539,4095502,42.84
AR,b,1977,34,0.00185,0.00185,0.5,95483,177,95395,3999963,41.89
AR,b,1977,35,0.00189,0.00189,0.5,95306,180,95216,3904568,40.97
AR,b,1977,36,0.00153,0.00153,0.5,95126,146,95053,3809352,40.05
AR,b,1977,37,0.00174,0.00174,0.5,94980,165,94898,3714299,39.11
AR,b,1977,38,0.00230,0.00230,0.5,94815,218,94707,3619401,38.17
AR,b,1977,39,0.00202,0.00201,0.5,94598,190,94502,3524694,37.26
AR,b,1977,40,0.00219,0.00219,0.5,94407,206,94304,3430192,36.33
AR,b,1977,41,0.00303,0.00303,0.5,94201,285,94058,3335888,35.41
AR,b,1977,42,0.00329,0.00329,0.5,93916,309,93761,3241830,34.52
AR,b,1977,43,0.00354,0.00354,0.5,93607,331,93442,3148068,33.63
AR,b,1977,44,0.00285,0.00284,0.5,93276,265,93143,3054627,32.75
AR,b,1977,45,0.00350,0.00349,0.5,93011,325,92848,2961484,31.84
AR,b,1977,46,0.00480,0.00479,0.5,92686,444,92464,2868635,30.95
AR,b,1977,47,0.00515,0.00514,0.5,92242,474,92005,2776171,30.10
AR,b,1977,48,0.00533,0.00532,0.5,91768,488,91524,2684166,29.25
AR,b,1977,49,0.00641,0.00639,0.5,91280,584,90988,2592643,28.40
AR,b,1977,50,0.00689,0.00687,0.5,90696,623,90384,2501655,27.58
AR,b,1977,51,0.00820,0.00817,0.5,90073,736,89705,2411271,26.77
AR,b,1977,52,0.00833,0.00830,0.5,89337,741,88966,2321566,25.99
AR,b,1977,53,0.00763,0.00760,0.5,88596,673,88259,2232599,25.20
AR,b,1977,54,0.00868,0.00865,0.5,87922,760,87542,2144340,24.39
AR,b,1977,55,0.00961,0.00956,0.5,87162,834,86745,2056798,23.60
AR,b,1977,56,0.01137,0.01130,0.5,86329,976,85841,1970053,22.82
AR,b,1977,57,0.01319,0.01310,0.5,85353,1118,84794,1884212,22.08
AR,b,1977,58,0.01258,0.01250,0.5,84235,1053,83708,1799419,21.36
AR,b,1977,59,0.01337,0.01329,0.5,83182,1105,82629,1715711,20.63
AR,b,1977,60,0.01325,0.01316,0.5,82076,1080,81536,1633082,19.90
AR,b,1977,61,0.01463,0.01452,0.5,80996,1176,80408,1551545,19.16
AR,b,1977,62,0.01724,0.01710,0.5,79820,1365,79138,1471137,18.43
AR,b,1977,63,0.01746,0.01731,0.5,78455,1358,77777,1391999,17.74
AR,b,1977,64,0.01898,0.01880,0.5,77098,1450,76373,1314223,17.05
AR,b,1977,65,0.02221,0.02197,0.5,75648,1662,74817,1237850,16.36
AR,b,1977,66,0.02352,0.02325,0.5,73986,1720,73126,1163033,15.72
AR,b,1977,67,0.02301,0.02275,0.5,72266,1644,71444,1089907,15.08
AR,b,1977,68,0.02550,0.02518,0.5,70622,1778,69733,1018463,14.42
AR,b,1977,69,0.02753,0.02716,0.5,68843,1869,67909,948730,13.78
AR,b,1977,70,0.03167,0.03118,0.5,66974,2088,65930,880822,13.15
AR,b,1977,71,0.03380,0.03323,0.5,64886,2156,63808,814892,12.56
AR,b,1977,72,0.03947,0.03870,0.5,62729,2428,61515,751084,11.97
AR,b,1977,73,0.03766,0.03696,0.5,60302,2229,59187,689569,11.44
AR,b,1977,74,0.04046,0.03966,0.5,58072,2303,56921,630382,10.86
AR,b,1977,75,0.04874,0.04758,0.5,55770,2653,54443,573461,10.28
AR,b,1977,76,0.05110,0.04983,0.5,53116,2647,51793,519018,9.77
AR,b,1977,77,0.05183,0.05052,0.5,50469,2550,49194,467225,9.26
AR,b,1977,78,0.05920,0.05750,0.5,47920,2755,46542,418031,8.72
AR,b,1977,79,0.06880,0.06651,0.5,45164,3004,43662,371489,8.23
AR,b,1977,80,0.07967,0.07662,0.5,42160,3230,40545,327827,7.78
AR,b,1977,81,0.08573,0.08221,0.5,38930,3200,37330,287282,7.38
AR,b,1977,82,0.08772,0.08404,0.5,35730,3003,34228,249952,7.00
AR,b,1977,83,0.10249,0.09750,0.5,32727,3191,31132,215723,6.59
AR,b,1977,84,0.10860,0.10301,0.5,29536,3042,28015,184592,6.25
AR,b,1977,85,0.12250,0.11543,0.5,26494,3058,24965,156576,5.91
AR,b,1977,86,0.12629,0.11879,0.5,23436,2784,22044,131612,5.62
AR,b,1977,87,0.14786,0.13768,0.5,20652,2843,19230,109568,5.31
AR,b,1977,88,0.14906,0.13872,0.5,17808,2470,16573,90338,5.07
AR,b,1977,89,0.16044,0.14852,0.5,15338,2278,14199,73765,4.81
AR,b,1977,90,0.15899,0.14728,0.5,13060,1924,12098,59566,4.56
AR,b,1977,91,0.18561,0.16985,0.5,11136,1892,10191,47467,4.26
AR,b,1977,92,0.19951,0.18141,0.5,9245,1677,8406,37277,4.03
AR,b,1977,93,0.21423,0.19351,0.5,7568,1464,6836,28870,3.81
AR,b,1977,94,0.22981,0.20612,0.5,6103,1258,5474,22035,3.61
AR,b,1977,95,0.24623,0.21924,0.5,4845,1062,4314,16560,3.42
AR,b,1977,96,0.26350,0.23283,0.5,3783,881,3343,12246,3.24
AR,b,1977,97,0.28160,0.24685,0.5,2902,716,2544,8904,3.07
AR,b,1977,98,0.30051,0.26125,0.5,2186,571,1900,6360,2.91
AR,b,1977,99,0.32018,0.27600,0.5,1615,446,1392,4459,2.76
AR,b,1977,100,0.34058,0.29102,0.5,1169,340,999,3067,2.62
AR,b,1977,101,0.36165,0.30627,0.5,829,254,702,2068,2.50
AR,b,1977,102,0.38331,0.32166,0.5,575,185,483,1367,2.38
AR,b,1977,103,0.40549,0.33714,0.5,390,132,324,884,2.27
AR,b,1977,104,0.42811,0.35263,0.5,259,91,213,560,2.16
AR,b,1977,105,0.45107,0.36806,0.5,167,62,137,347,2.07
AR,b,1977,106,0.47427,0.38336,0.5,106,41,85,210,1.99
AR,b,1977,107,0.49761,0.39847,0.5,65,26,52,125,1.91
AR,b,1977,108,0.52097,0.41331,0.5,39,16,31,72,1.85
AR,b,1977,109,0.54425,0.42783,0.5,23,10,18,41,1.79
AR,b,1977,110+,0.56734,1.00000,1.76,13,13,23,23,1.76
AR,b,1978,0,0.01655,0.01631,0.09,100000,1631,98523,7294849,72.95
AR,b,1978,1,0.00094,0.00094,0.5,98369,93,98323,7196327,73.16
AR,b,1978,2,0.00101,0.00101,0.5,98276,99,98227,7098004,72.23
AR,b,1978,3,0.00068,0.00068,0.5,98177,67,98144,6999778,71.30
AR,b,1978,4,0.00038,0.00038,0.5,98110,38,98092,6901634,70.35
AR,b,1978,5,0.00049,0.00049,0.5,98073,48,98049,6803542,69.37
AR,b,1978,6,0.00041,0.00041,0.5,98025,41,98004,6705494,68.41
AR,b,1978,7,0.00051,0.00051,0.5,97984,50,97959,6607489,67.43
AR,b,1978,8,0.00032,0.00032,0.5,97934,31,97919,6509530,66.47
AR,b,1978,9,0.00033,0.00033,0.5,97903,32,97887,6411611,65.49
AR,b,1978,10,0.00034,0.00034,0.5,97871,33,97854,6313724,64.51
AR,b,1978,11,0.00022,0.00022,0.5,97838,22,97827,6215870,63.53
AR,b,1978,12,0.00029,0.00029,0.5,97816,29,97801,6118043,62.55
AR,b,1978,13,0.00054,0.00054,0.5,97787,53,97760,6020242,61.56
AR,b,1978,14,0.00078,0.00078,0.5,97734,76,97696,5922482,60.60
AR,b,1978,15,0.00054,0.00054,0.5,97658,53,97632,5824786,59.64
AR,b,1978,16,0.00094,0.00094,0.5,97605,92,97559,5727154,58.68
AR,b,1978,17,0.00106,0.00106,0.5,97514,104,97462,5629595,57.73
AR,b,1978,18,0.00147,0.00147,0.5,97410,143,97338,5532133,56.79
AR,b,1978,19,0.00162,0.00161,0.5,97267,157,97188,5434794,55.88
AR,b,1978,20,0.00142,0.00142,0.5,97110,138,97041,5337606,54.96
AR,b,1978,21,0.00150,0.00150,0.5,96972,145,96899,5240565,54.04
AR,b,1978,22,0.00123,0.00123,0.5,96827,119,96767,5143666,53.12
AR,b,1978,23,0.00143,0.00142,0.5,96708,138,96639,5046898,52.19
AR,b,1978,24,0.00173,0.00173,0.5,96570,167,96487,4950259,51.26
AR,b,1978,25,0.00120,0.00120,0.5,96404,116,96346,4853772,50.35
AR,b,1978,26,0.00139,0.00139,0.5,96288,134,96221,4757426,49.41
AR,b,1978,27,0.00151,0.00151,0.5,96154,145,96081,4661205,48.48
AR,b,1978,28,0.00149,0.00149,0.5,96009,143,95937,4565124,47.55
AR,b,1978,29,0.00162,0.00162,0.5,95866,156,95788,4469186,46.62
AR,b,1978,30,0.00138,0.00138,0.5,95710,132,95644,4373398,45.69
AR,b,1978,31,0.00166,0.00166,0.5,95579,159,95499,4277754,44.76
AR,b,1978,32,0.00158,0.00158,0.5,95420,151,95344,4182255,43.83
AR,b,1978,33,0.00152,0.00152,0.5,95269,144,95197,4086910,42.90
AR,b,1978,34,0.00167,0.00167,0.5,95125,159,95045,3991713,41.96
AR,b,1978,35,0.00178,0.00178,0.5,94966,169,94881,3896668,41.03
AR,b,1978,36,0.00163,0.00163,0.5,94797,155,94719,3801787,40.10
AR,b,1978,37,0.00253,0.00253,0.5,94642,239,94523,3707068,39.17
AR,b,1978,38,0.00230,0.00229,0.5,94403,216,94295,3612545,38.27
AR,b,1978,39,0.00257,0.00257,0.5,94187,242,94066,3518250,37.35
AR,b,1978,40,0.00318,0.00317,0.5,93945,298,93796,3424185,36.45
AR,b,1978,41,0.00321,0.00320,0.5,93647,300,93497,3330389,35.56
AR,b,1978,42,0.00349,0.00349,0.5,93347,326,93184,3236892,34.68
AR,b,1978,43,0.00384,0.00384,0.5,93021,357,92843,3143709,33.80
AR,b,1978,44,0.00327,0.00326,0.5,92664,302,92513,3050866,32.92
AR,b,1978,45,0.00399,0.00399,0.5,92362,368,92178,2958353,32.03
AR,b,1978,46,0.00417,0.00416,0.5,91993,383,91802,2866176,31.16
AR,b,1978,47,0.00510,0.00508,0.5,91610,466,91378,2774374,30.28
AR,b,1978,48,0.00545,0.00543,0.5,91145,495,90897,2682996,29.44
AR,b,1978,49,0.00517,0.00516,0.5,90649,467,90416,2592099,28.59
AR,b,1978,50,0.00630,0.00628,0.5,90182,566,89899,2501683,27.74
AR,b,1978,51,0.00716,0.00714,0.5,89616,640,89296,2411784,26.91
AR,b,1978,52,0.00744,0.00741,0.5,88976,659,88647,2322488,26.10
AR,b,1978,53,0.00854,0.00851,0.5,88317,751,87941,2233841,25.29
AR,b,1978,54,0.00969,0.00964,0.5,87566,844,87144,2145900,24.51
AR,b,1978,55,0.00906,0.00902,0.5,86721,782,86330,2058757,23.74
AR,b,1978,56,0.01079,0.01073,0.5,85939,922,85478,1972426,22.95
AR,b,1978,57,0.01163,0.01156,0.5,85017,983,84525,1886949,22.20
AR,b,1978,58,0.01236,0.01228,0.5,84034,1032,83518,1802423,21.45
AR,b,1978,59,0.01305,0.01296,0.5,83002,1076,82464,1718906,20.71
AR,b,1978,60,0.01383,0.01373,0.5,81926,1125,81363,1636442,19.97
AR,b,1978,61,0.01316,0.01307,0.5,80801,1056,80273,1555079,19.25
AR,b,1978,62,0.01536,0.01524,0.5,79745,1215,79137,1474807,18.49
AR,b,1978,63,0.01858,0.01841,0.5,78529,1446,77806,1395670,17.77
AR,b,1978,64,0.01887,0.01869,0.5,77083,1441,76363,1317864,17.10
AR,b,1978,65,0.02006,0.01987,0.5,75642,1503,74891,1241501,16.41
AR,b,1978,66,0.02028,0.02008,0.5,74140,1489,73396,1166610,15.74
AR,b,1978,67,0.02515,0.02484,0.5,72651,1804,71749,1093214,15.05
AR,b,1978,68,0.02671,0.02636,0.5,70847,1867,69913,1021465,14.42
AR,b,1978,69,0.02715,0.02678,0.5,68980,1847,68056,951552,13.79
AR,b,1978,70,0.03050,0.03004,0.5,67132,2017,66124,883496,13.16
AR,b,1978,71,0.03542,0.03481,0.5,65115,2266,63982,817372,12.55
AR,b,1978,72,0.03295,0.03241,0.5,62849,2037,61830,753390,11.99
AR,b,1978,73,0.03735,0.03667,0.5,60812,2230,59697,691560,11.37
AR,b,1978,74,0.04102,0.04019,0.5,58582,2355,57405,631863,10.79
AR,b,1978,75,0.04559,0.04458,0.5,56227,2506,54974,574458,10.22
AR,b,1978,76,0.04891,0.04774,0.5,53721,2565,52438,519484,9.67
AR,b,1978,77,0.05629,0.05475,0.5,51156,2801,49756,467046,9.13
AR,b,1978,78,0.06378,0.06181,0.5,48356,2989,46861,417290,8.63
AR,b,1978,79,0.06575,0.06365,0.5,45367,2888,43923,370429,8.17
AR,b,1978,80,0.07147,0.06900,0.5,42479,2931,41013,326506,7.69
AR,b,1978,81,0.09267,0.08856,0.5,39548,3502,37797,285493,7.22
AR,b,1978,82,0.09056,0.08663,0.5,36045,3123,34484,247696,6.87
AR,b,1978,83,0.10439,0.09921,0.5,32923,3266,31289,213212,6.48
AR,b,1978,84,0.09923,0.09454,0.5,29656,2804,28254,181923,6.13
AR,b,1978,85,0.11865,0.11201,0.5,26853,3008,25349,153668,5.72
AR,b,1978,86,0.13777,0.12889,0.5,23845,3073,22308,128320,5.38
AR,b,1978,87,0.13824,0.12931,0.5,20771,2686,19429,106012,5.10
AR,b,1978,88,0.16745,0.15451,0.5,18086,2794,16688,86583,4.79
AR,b,1978,89,0.16455,0.15204,0.5,15291,2325,14129,69895,4.57
AR,b,1978,90,0.19856,0.18063,0.5,12966,2342,11795,55766,4.30
AR,b,1978,91,0.18436,0.16880,0.5,10624,1793,9727,43971,4.14
AR,b,1978,92,0.20740,0.18792,0.5,8831,1659,8001,34243,3.88
AR,b,1978,93,0.22354,0.20107,0.5,7171,1442,6450,26242,3.66
AR,b,1978,94,0.24063,0.21479,0.5,5729,1231,5114,19792,3.45
AR,b,1978,95,0.25866,0.22904,0.5,4499,1030,3984,14678,3.26
AR,b,1978,96,0.27761,0.24377,0.5,3468,846,3046,10694,3.08
AR,b,1978,97,0.29746,0.25895,0.5,2623,679,2283,7649,2.92
AR,b,1978,98,0.31818,0.27451,0.5,1944,534,1677,5365,2.76
AR,b,1978,99,0.33970,0.29038,0.5,1410,409,1205,3688,2.62
AR,b,1978,100,0.36197,0.30650,0.5,1001,307,847,2483,2.48
AR,b,1978,101,0.38491,0.32279,0.5,694,224,582,1636,2.36
AR,b,1978,102,0.40842,0.33916,0.5,470,159,390,1054,2.24
AR,b,1978,103,0.43241,0.35554,0.5,311,110,255,664,2.14
AR,b,1978,104,0.45676,0.37184,0.5,200,74,163,408,2.04
AR,b,1978,105,0.48135,0.38797,0.5,126,49,101,245,1.95
AR,b,1978,106,0.50607,0.40387,0.5,77,31,61,144,1.87
AR,b,1978,107,0.53078,0.41946,0.5,46,19,36,82,1.80
AR,b,1978,108,0.55536,0.43466,0.5,27,12,21,46,1.74
AR,b,1978,109,0.57968,0.44942,0.5,15,7,12,25,1.69
AR,b,1978,110+,0.60364,1.00000,1.66,8,8,14,14,1.66
AR,b,1979,0,0.01378,0.01361,0.09,100000,1361,98757,7372218,73.72
AR,b,1979,1,0.00113,0.00113,0.5,98639,111,98583,7273462,73.74
AR,b,1979,2,0.00076,0.00076,0.5,98528,75,98490,7174879,72.82
AR,b,1979,3,0.00041,0.00041,0.5,98453,40,98433,7076388,71.88
AR,b,1979,4,0.00064,0.00064,0.5,98413,63,98381,6977955,70.91
AR,b,1979,5,0.00061,0.00061,0.5,98350,60,98320,6879574,69.95
AR,b,1979,6,0.00046,0.00046,0.5,98290,45,98267,6781254,68.99
AR,b,1979,7,0.00017,0.00017,0.5,98245,16,98237,6682987,68.02
AR,b,1979,8,0.00013,0.00013,0.5,98229,13,98222,6584750,67.03
AR,b,1979,9,0.00048,0.00048,0.5,98216,47,98192,6486528,66.04
AR,b,1979,10,0.00025,0.00025,0.5,98169,24,98157,6388335,65.07
AR,b,1979,11,0.00017,0.00017,0.5,98145,16,98137,6290178,64.09
AR,b,1979,12,0.00047,0.00047,0.5,98129,46,98106,6192042,63.10
AR,b,1979,13,0.00047,0.00047,0.5,98083,46,98059,6093936,62.13
AR,b,1979,14,0.00056,0.00056,0.5,98036,55,98009,5995877,61.16
AR,b,1979,15,0.00051,0.00051,0.5,97981,50,97956,5897868,60.19
AR,b,1979,16,0.00085,0.00085,0.5,97931,83,97890,5799912,59.22
AR,b,1979,17,0.00116,0.00116,0.5,97849,114,97792,5702022,58.27
AR,b,1979,18,0.00129,0.00129,0.5,97735,126,97672,5604230,57.34
AR,b,1979,19,0.00148,0.00148,0.5,97608,144,97536,5506558,56.41
AR,b,1979,20,0.00115,0.00115,0.5,97464,112,97408,5409022,55.50
AR,b,1979,21,0.00125,0.00125,0.5,97352,122,97291,5311614,54.56
AR,b,1979,22,0.00123,0.00123,0.5,97230,119,97170,5214323,53.63
AR,b,1979,23,0.00119,0.00119,0.5,97111,116,97053,5117153,52.69
AR,b,1979,24,0.00153,0.00153,0.5,96995,148,96921,5020100,51.76
AR,b,1979,25,0.00125,0.00125,0.5,96847,121,96787,4923179,50.83
AR,b,1979,26,0.00149,0.00149,0.5,96727,144,96655,4826392,49.90
AR,b,1979,27,0.00169,0.00169,0.5,96583,163,96502,4729737,48.97
AR,b,1979,28,0.00099,0.00099,0.5,96420,96,96372,4633235,48.05
AR,b,1979,29,0.00102,0.00102,0.5,96324,98,96275,4536863,47.10
AR,b,1979,30,0.00132,0.00132,0.5,96226,127,96163,4440588,46.15
AR,b,1979,31,0.00117,0.00117,0.5,96099,112,96043,4344425,45.21
AR,b,1979,32,0.00150,0.00150,0.5,95987,144,95915,4248382,44.26
AR,b,1979,33,0.00151,0.00151,0.5,95843,144,95771,4152466,43.33
AR,b,1979,34,0.00144,0.00144,0.5,95699,137,95630,4056695,42.39
AR,b,1979,35,0.00189,0.00189,0.5,95561,180,95471,3961065,41.45
AR,b,1979,36,0.00176,0.00176,0.5,95381,168,95297,3865594,40.53
AR,b,1979,37,0.00196,0.00196,0.5,95213,187,95120,3770296,39.60
AR,b,1979,38,0.00222,0.00221,0.5,95027,210,94922,3675176,38.68
AR,b,1979,39,0.00239,0.00239,0.5,94816,227,94703,3580255,37.76
AR,b,1979,40,0.00236,0.00236,0.5,94590,223,94478,3485552,36.85
AR,b,1979,41,0.00257,0.00257,0.5,94367,243,94245,3391074,35.94
AR,b,1979,42,0.00268,0.00268,0.5,94124,252,93998,3296828,35.03
AR,b,1979,43,0.00297,0.00296,0.5,93872,278,93733,3202830,34.12
AR,b,1979,44,0.00319,0.00318,0.5,93593,298,93445,3109098,33.22
AR,b,1979,45,0.00389,0.00389,0.5,93296,363,93114,3015653,32.32
AR,b,1979,46,0.00447,0.00446,0.5,92933,415,92726,2922539,31.45
AR,b,1979,47,0.00451,0.00450,0.5,92519,416,92311,2829813,30.59
AR,b,1979,48,0.00572,0.00570,0.5,92102,525,91840,2737502,29.72
AR,b,1979,49,0.00529,0.00528,0.5,91577,483,91335,2645663,28.89
AR,b,1979,50,0.00595,0.00593,0.5,91094,540,90823,2554327,28.04
AR,b,1979,51,0.00675,0.00673,0.5,90553,609,90249,2463504,27.21
AR,b,1979,52,0.00809,0.00806,0.5,89944,725,89582,2373255,26.39
AR,b,1979,53,0.00830,0.00827,0.5,89220,738,88851,2283673,25.60
AR,b,1979,54,0.00856,0.00853,0.5,88482,754,88105,2194822,24.81
AR,b,1979,55,0.00907,0.00903,0.5,87728,792,87331,2106718,24.01
AR,b,1979,56,0.01021,0.01016,0.5,86935,884,86494,2019386,23.23
AR,b,1979,57,0.01062,0.01056,0.5,86052,909,85597,1932893,22.46
AR,b,1979,58,0.01273,0.01265,0.5,85143,1077,84605,1847295,21.70
AR,b,1979,59,0.01295,0.01287,0.5,84066,1082,83525,1762691,20.97
AR,b,1979,60,0.01366,0.01357,0.5,82984,1126,82422,1679165,20.23
AR,b,1979,61,0.01532,0.01520,0.5,81859,1244,81236,1596744,19.51
AR,b,1979,62,0.01499,0.01488,0.5,80614,1199,80015,1515507,18.80
AR,b,1979,63,0.01532,0.01520,0.5,79415,1207,78811,1435493,18.08
AR,b,1979,64,0.01691,0.01676,0.5,78208,1311,77552,1356682,17.35
AR,b,1979,65,0.01966,0.01947,0.5,76896,1497,76148,1279130,16.63
AR,b,1979,66,0.02048,0.02027,0.5,75399,1528,74635,1202982,15.95
AR,b,1979,67,0.02183,0.02159,0.5,73871,1595,73074,1128346,15.27
AR,b,1979,68,0.02741,0.02704,0.5,72276,1954,71299,1055273,14.60
AR,b,1979,69,0.02905,0.02864,0.5,70322,2014,69315,983974,13.99
AR,b,1979,70,0.02775,0.02737,0.5,68308,1869,67373,914659,13.39
AR,b,1979,71,0.03187,0.03137,0.5,66438,2084,65396,847286,12.75
AR,b,1979,72,0.03525,0.03464,0.5,64354,2229,63240,781890,12.15
AR,b,1979,73,0.03986,0.03909,0.5,62125,2428,60911,718650,11.57
AR,b,1979,74,0.04079,0.03997,0.5,59697,2386,58504,657739,11.02
AR,b,1979,75,0.04685,0.04578,0.5,57311,2624,55999,599235,10.46
AR,b,1979,76,0.04645,0.04540,0.5,54687,2483,53446,543236,9.93
AR,b,1979,77,0.05460,0.05314,0.5,52204,2774,50817,489790,9.38
AR,b,1979,78,0.06054,0.05876,0.5,49430,2905,47978,438973,8.88
AR,b,1979,79,0.05989,0.05815,0.5,46525,2706,45173,390995,8.40
AR,b,1979,80,0.07343,0.07083,0.5,43820,3104,42268,345822,7.89
AR,b,1979,81,0.08025,0.07716,0.5,40716,3142,39145,303554,7.46
AR,b,1979,82,0.08554,0.08203,0.5,37575,3082,36034,264409,7.04
AR,b,1979,83,0.09926,0.09457,0.5,34493,3262,32862,228375,6.62
AR,b,1979,84,0.11210,0.10615,0.5,31231,3315,29573,195514,6.26
AR,b,1979,85,0.11261,0.10660,0.5,27916,2976,26428,165941,5.94
AR,b,1979,86,0.12250,0.11543,0.5,24940,2879,23500,139513,5.59
AR,b,1979,87,0.13826,0.12932,0.5,22061,2853,20634,116013,5.26
AR,b,1979,88,0.14995,0.13949,0.5,19208,2679,17868,95379,4.97
AR,b,1979,89,0.17595,0.16172,0.5,16529,2673,15192,77510,4.69
AR,b,1979,90,0.15950,0.14772,0.5,13856,2047,12832,62318,4.50
AR,b,1979,91,0.18732,0.17128,0.5,11809,2023,10797,49486,4.19
AR,b,1979,92,0.20229,0.18371,0.5,9786,1798,8887,38689,3.95
AR,b,1979,93,0.21816,0.19671,0.5,7988,1571,7203,29801,3.73
AR,b,1979,94,0.23495,0.21025,0.5,6417,1349,5742,22599,3.52
AR,b,1979,95,0.25265,0.22431,0.5,5068,1137,4499,16856,3.33
AR,b,1979,96,0.27125,0.23886,0.5,3931,939,3462,12357,3.14
AR,b,1979,97,0.29073,0.25383,0.5,2992,759,2612,8895,2.97
AR,b,1979,98,0.31105,0.26919,0.5,2233,601,1932,6283,2.81
AR,b,1979,99,0.33217,0.28486,0.5,1632,465,1399,4351,2.67
AR,b,1979,100,0.35403,0.30079,0.5,1167,351,991,2952,2.53
AR,b,1979,101,0.37656,0.31690,0.5,816,259,687,1960,2.40
AR,b,1979,102,0.39968,0.33311,0.5,557,186,464,1274,2.29
AR,b,1979,103,0.42330,0.34936,0.5,372,130,307,809,2.18
AR,b,1979,104,0.44732,0.36556,0.5,242,88,198,502,2.08
AR,b,1979,105,0.47163,0.38164,0.5,153,59,124,305,1.99
AR,b,1979,106,0.49612,0.39751,0.5,95,38,76,181,1.90
AR,b,1979,107,0.52066,0.41311,0.5,57,24,45,105,1.83
AR,b,1979,108,0.54514,0.42837,0.5,34,14,26,59,1.77
AR,b,1979,109,0.56943,0.44324,0.5,19,8,15,33,1.72
AR,b,1979,110+,0.59343,1.00000,1.69,11,11,18,18,1.69
AR,b,1980,0,0.01282,0.01267,0.08,100000,1267,98839,7334278,73.34
AR,b,1980,1,0.00103,0.00103,0.5,98733,102,98682,7235439,73.28
AR,b,1980,2,0.00089,0.00089,0.5,98631,88,98587,7136757,72.36
AR,b,1980,3,0.00029,0.00029,0.5,98543,29,98528,7038170,71.42
AR,b,1980,4,0.00032,0.00032,0.5,98514,31,98498,6939642,70.44
AR,b,1980,5,0.00026,0.00026,0.5,98483,26,98470,6841143,69.47
AR,b,1980,6,0.00026,0.00026,0.5,98457,26,98444,6742673,68.48
AR,b,1980,7,0.00031,0.00031,0.5,98432,31,98416,6644229,67.50
AR,b,1980,8,0.00022,0.00022,0.5,98401,22,98390,6545813,66.52
AR,b,1980,9,0.00031,0.00031,0.5,98379,31,98364,6447423,65.54
AR,b,1980,10,0.00047,0.00047,0.5,98348,47,98325,6349059,64.56
AR,b,1980,11,0.00044,0.00044,0.5,98302,43,98280,6250734,63.59
AR,b,1980,12,0.00031,0.00031,0.5,98259,30,98244,6152453,62.61
AR,b,1980,13,0.00046,0.00046,0.5,98229,46,98206,6054209,61.63
AR,b,1980,14,0.00060,0.00060,0.5,98183,59,98154,5956003,60.66
AR,b,1980,15,0.00072,0.00072,0.5,98125,70,98089,5857849,59.70
AR,b,1980,16,0.00100,0.00100,0.5,98054,98,98005,5759760,58.74
AR,b,1980,17,0.00134,0.00134,0.5,97956,131,97891,5661755,57.80
AR,b,1980,18,0.00119,0.00119,0.5,97825,116,97767,5563864,56.88
AR,b,1980,19,0.00158,0.00158,0.5,97709,155,97631,5466097,55.94
AR,b,1980,20,0.00152,0.00151,0.5,97554,148,97480,5368466,55.03
AR,b,1980,21,0.00140,0.00140,0.5,97406,136,97338,5270985,54.11
AR,b,1980,22,0.00138,0.00137,0.5,97270,134,97203,5173647,53.19
AR,b,1980,23,0.00133,0.00133,0.5,97136,129,97072,5076444,52.26
AR,b,1980,24,0.00118,0.00117,0.5,97007,114,96950,4979372,51.33
AR,b,1980,25,0.00122,0.00122,0.5,96893,119,96834,4882422,50.39
AR,b,1980,26,0.00151,0.00151,0.5,96775,146,96702,4785588,49.45
AR,b,1980,27,0.00112,0.00112,0.5,96629,108,96575,4688886,48.52
AR,b,1980,28,0.00130,0.00130,0.5,96521,125,96458,4592311,47.58
AR,b,1980,29,0.00127,0.00127,0.5,96396,122,96335,4495853,46.64
AR,b,1980,30,0.00146,0.00146,0.5,96274,140,96203,4399518,45.70
AR,b,1980,31,0.00139,0.00139,0.5,96133,133,96067,4303315,44.76
AR,b,1980,32,0.00152,0.00152,0.5,96000,146,95927,4207248,43.83
AR,b,1980,33,0.00176,0.00176,0.5,95855,168,95770,4111321,42.89
AR,b,1980,34,0.00171,0.00171,0.5,95686,164,95604,4015550,41.97
AR,b,1980,35,0.00175,0.00175,0.5,95522,167,95439,3919946,41.04
AR,b,1980,36,0.00163,0.00163,0.5,95355,155,95277,3824507,40.11
AR,b,1980,37,0.00208,0.00208,0.5,95200,198,95101,3729230,39.17
AR,b,1980,38,0.00171,0.00171,0.5,95002,163,94920,3634129,38.25
AR,b,1980,39,0.00290,0.00289,0.5,94839,274,94702,3539209,37.32
AR,b,1980,40,0.00255,0.00255,0.5,94565,241,94444,3444507,36.42
AR,b,1980,41,0.00270,0.00270,0.5,94324,255,94196,3350063,35.52
AR,b,1980,42,0.00318,0.00318,0.5,94069,299,93920,3255867,34.61
AR,b,1980,43,0.00416,0.00416,0.5,93770,390,93575,3161947,33.72
AR,b,1980,44,0.00392,0.00391,0.5,93381,365,93198,3068372,32.86
AR,b,1980,45,0.00376,0.00375,0.5,93015,349,92841,2975174,31.99
AR,b,1980,46,0.00449,0.00448,0.5,92666,415,92458,2882333,31.10
AR,b,1980,47,0.00493,0.00492,0.5,92251,454,92024,2789875,30.24
AR,b,1980,48,0.00516,0.00515,0.5,91797,473,91560,2697851,29.39
AR,b,1980,49,0.00532,0.00531,0.5,91324,485,91081,2606291,28.54
AR,b,1980,50,0.00744,0.00741,0.5,90839,674,90502,2515209,27.69
AR,b,1980,51,0.00635,0.00633,0.5,90165,571,89880,2424707,26.89
AR,b,1980,52,0.00772,0.00769,0.5,89595,689,89250,2334827,26.06
AR,b,1980,53,0.00863,0.00860,0.5,88906,764,88524,2245577,25.26
AR,b,1980,54,0.00822,0.00819,0.5,88142,722,87781,2157053,24.47
AR,b,1980,55,0.00991,0.00986,0.5,87420,862,86989,2069273,23.67
AR,b,1980,56,0.00970,0.00965,0.5,86558,836,86140,1982284,22.90
AR,b,1980,57,0.01063,0.01057,0.5,85722,906,85269,1896144,22.12
AR,b,1980,58,0.01250,0.01242,0.5,84816,1053,84289,1810874,21.35
AR,b,1980,59,0.01317,0.01308,0.5,83763,1096,83215,1726585,20.61
AR,b,1980,60,0.01453,0.01442,0.5,82667,1192,82071,1643370,19.88
AR,b,1980,61,0.01382,0.01372,0.5,81475,1118,80916,1561299,19.16
AR,b,1980,62,0.01644,0.01630,0.5,80357,1310,79702,1480383,18.42
AR,b,1980,63,0.01700,0.01685,0.5,79047,1332,78381,1400682,17.72
AR,b,1980,64,0.01868,0.01850,0.5,77714,1438,76995,1322301,17.01
AR,b,1980,65,0.02107,0.02085,0.5,76276,1591,75481,1245306,16.33
AR,b,1980,66,0.02413,0.02384,0.5,74686,1780,73796,1169824,15.66
AR,b,1980,67,0.02557,0.02524,0.5,72906,1840,71985,1096029,15.03
AR,b,1980,68,0.02582,0.02549,0.5,71065,1812,70159,1024043,14.41
AR,b,1980,69,0.02695,0.02659,0.5,69254,1841,68333,953884,13.77
AR,b,1980,70,0.03378,0.03322,0.5,67412,2239,66292,885551,13.14
AR,b,1980,71,0.03325,0.03271,0.5,65173,2132,64107,819259,12.57
AR,b,1980,72,0.03785,0.03715,0.5,63041,2342,61870,755152,11.98
AR,b,1980,73,0.04178,0.04093,0.5,60700,2484,59457,693281,11.42
AR,b,1980,74,0.04252,0.04163,0.5,58215,2424,57003,633824,10.89
AR,b,1980,75,0.04931,0.04812,0.5,55792,2685,54449,576821,10.34
AR,b,1980,76,0.05063,0.04938,0.5,53107,2623,51795,522372,9.84
AR,b,1980,77,0.05456,0.05311,0.5,50484,2681,49143,470576,9.32
AR,b,1980,78,0.06196,0.06010,0.5,47803,2873,46366,421433,8.82
AR,b,1980,79,0.06598,0.06388,0.5,44930,2870,43495,375067,8.35
AR,b,1980,80,0.07760,0.07470,0.5,42060,3142,40489,331572,7.88
AR,b,1980,81,0.07867,0.07570,0.5,38918,2946,37445,291083,7.48
AR,b,1980,82,0.08707,0.08343,0.5,35972,3001,34471,253638,7.05
AR,b,1980,83,0.09652,0.09208,0.5,32971,3036,31453,219167,6.65
AR,b,1980,84,0.11092,0.10509,0.5,29935,3146,28362,187714,6.27
AR,b,1980,85,0.10730,0.10184,0.5,26789,2728,25425,159353,5.95
AR,b,1980,86,0.13255,0.12431,0.5,24061,2991,22565,133928,5.57
AR,b,1980,87,0.14640,0.13642,0.5,21070,2874,19633,111363,5.29
AR,b,1980,88,0.14508,0.13527,0.5,18195,2461,16965,91730,5.04
AR,b,1980,89,0.14632,0.13634,0.5,15734,2145,14662,74765,4.75
AR,b,1980,90,0.17582,0.16162,0.5,13589,2196,12491,60104,4.42
AR,b,1980,91,0.17712,0.16271,0.5,11393,1854,10466,47613,4.18
AR,b,1980,92,0.20513,0.18605,0.5,9539,1775,8652,37147,3.89
AR,b,1980,93,0.22162,0.19952,0.5,7764,1549,6990,28496,3.67
AR,b,1980,94,0.23909,0.21356,0.5,6215,1327,5552,21506,3.46
AR,b,1980,95,0.25752,0.22815,0.5,4888,1115,4330,15954,3.26
AR,b,1980,96,0.27691,0.24323,0.5,3773,918,3314,11624,3.08
AR,b,1980,97,0.29723,0.25877,0.5,2855,739,2486,8310,2.91
AR,b,1980,98,0.31843,0.27470,0.5,2116,581,1826,5825,2.75
AR,b,1980,99,0.34047,0.29094,0.5,1535,447,1312,3999,2.61
AR,b,1980,100,0.36328,0.30744,0.5,1088,335,921,2687,2.47
AR,b,1980,101,0.38677,0.32410,0.5,754,244,632,1766,2.34
AR,b,1980,102,0.41085,0.34084,0.5,509,174,423,1135,2.23
AR,b,1980,103,0.43542,0.35757,0.5,336,120,276,712,2.12
AR,b,1980,104,0.46036,0.37422,0.5,216,81,175,436,2.02
AR,b,1980,105,0.48554,0.39069,0.5,135,53,109,261,1.93
AR,b,1980,106,0.51084,0.40691,0.5,82,33,66,152,1.85
AR,b,1980,107,0.53613,0.42280,0.5,49,21,38,87,1.78
AR,b,1980,108,0.56127,0.43828,0.5,28,12,22,48,1.72
AR,b,1980,109,0.58614,0.45329,0.5,16,7,12,26,1.67
AR,b,1980,110+,0.61061,1.00000,1.64,9,9,14,14,1.64
AR,b,1981,0,0.01168,0.01156,0.08,100000,1156,98938,7388258,73.88
AR,b,1981,1,0.00079,0.00079,0.5,98844,79,98805,7289321,73.75
AR,b,1981,2,0.00049,0.00049,0.5,98766,48,98742,7190515,72.80
AR,b,1981,3,0.00061,0.00061,0.5,98718,60,98688,7091774,71.84
AR,b,1981,4,0.00043,0.00043,0.5,98658,43,98636,6993086,70.88
AR,b,1981,5,0.00029,0.00029,0.5,98615,29,98601,6894449,69.91
AR,b,1981,6,0.00055,0.00055,0.5,98586,55,98559,6795849,68.93
AR,b,1981,7,0.00040,0.00040,0.5,98532,39,98512,6697290,67.97
AR,b,1981,8,0.00029,0.00029,0.5,98492,29,98478,6598778,67.00
AR,b,1981,9,0.00024,0.00024,0.5,98464,24,98452,6500300,66.02
AR,b,1981,10,0.00042,0.00042,0.5,98440,41,98419,6401848,65.03
AR,b,1981,11,0.00037,0.00037,0.5,98398,37,98380,6303429,64.06
AR,b,1981,12,0.00036,0.00036,0.5,98362,35,98344,6205049,63.08
AR,b,1981,13,0.00039,0.00039,0.5,98326,38,98307,6106705,62.11
AR,b,1981,14,0.00060,0.00060,0.5,98288,59,98259,6008397,61.13
AR,b,1981,15,0.00041,0.00041,0.5,98230,40,98209,5910139,60.17
AR,b,1981,16,0.00085,0.00085,0.5,98189,84,98147,5811929,59.19
AR,b,1981,17,0.00091,0.00091,0.5,98105,89,98061,5713782,58.24
AR,b,1981,18,0.00093,0.00093,0.5,98016,91,97971,5615721,57.29
AR,b,1981,19,0.00084,0.00084,0.5,97925,82,97884,5517751,56.35
AR,b,1981,20,0.00122,0.00122,0.5,97843,120,97783,5419866,55.39
AR,b,1981,21,0.00123,0.00123,0.5,97723,120,97663,5322083,54.46
AR,b,1981,22,0.00132,0.00132,0.5,97603,129,97539,5224420,53.53
AR,b,1981,23,0.00134,0.00134,0.5,97474,131,97409,5126881,52.60
AR,b,1981,24,0.00127,0.00127,0.5,97344,123,97282,5029472,51.67
AR,b,1981,25,0.00113,0.00113,0.5,97220,110,97165,4932190,50.73
AR,b,1981,26,0.00147,0.00147,0.5,97110,143,97038,4835025,49.79
AR,b,1981,27,0.00124,0.00124,0.5,96967,120,96907,4737987,48.86
AR,b,1981,28,0.00147,0.00147,0.5,96847,143,96776,4641080,47.92
AR,b,1981,29,0.00107,0.00107,0.5,96704,103,96653,4544304,46.99
AR,b,1981,30,0.00145,0.00145,0.5,96601,140,96531,4447652,46.04
AR,b,1981,31,0.00156,0.00156,0.5,96461,150,96386,4351121,45.11
AR,b,1981,32,0.00142,0.00142,0.5,96311,136,96243,4254734,44.18
AR,b,1981,33,0.00158,0.00158,0.5,96174,152,96099,4158492,43.24
AR,b,1981,34,0.00157,0.00157,0.5,96023,151,95947,4062393,42.31
AR,b,1981,35,0.00204,0.00204,0.5,95872,195,95774,3966446,41.37
AR,b,1981,36,0.00223,0.00223,0.5,95677,213,95570,3870672,40.46
AR,b,1981,37,0.00215,0.00215,0.5,95464,205,95361,3775101,39.54
AR,b,1981,38,0.00263,0.00262,0.5,95259,250,95134,3679740,38.63
AR,b,1981,39,0.00232,0.00232,0.5,95009,220,94899,3584606,37.73
AR,b,1981,40,0.00233,0.00233,0.5,94788,221,94678,3489708,36.82
AR,b,1981,41,0.00213,0.00212,0.5,94568,201,94467,3395030,35.90
AR,b,1981,42,0.00299,0.00299,0.5,94367,282,94226,3300562,34.98
AR,b,1981,43,0.00359,0.00358,0.5,94085,337,93917,3206336,34.08
AR,b,1981,44,0.00322,0.00321,0.5,93748,301,93598,3112419,33.20
AR,b,1981,45,0.00359,0.00358,0.5,93447,335,93280,3018821,32.31
AR,b,1981,46,0.00464,0.00463,0.5,93113,431,92897,2925541,31.42
AR,b,1981,47,0.00443,0.00442,0.5,92682,409,92477,2832644,30.56
AR,b,1981,48,0.00502,0.00500,0.5,92272,462,92041,2740167,29.70
AR,b,1981,49,0.00539,0.00538,0.5,91810,493,91564,2648126,28.84
AR,b,1981,50,0.00658,0.00656,0.5,91317,599,91018,2556562,28.00
AR,b,1981,51,0.00711,0.00708,0.5,90718,642,90397,2465544,27.18
AR,b,1981,52,0.00782,0.00779,0.5,90076,701,89725,2375147,26.37
AR,b,1981,53,0.00764,0.00761,0.5,89375,680,89035,2285422,25.57
AR,b,1981,54,0.00738,0.00735,0.5,88695,652,88368,2196387,24.76
AR,b,1981,55,0.00930,0.00925,0.5,88042,815,87635,2108019,23.94
AR,b,1981,56,0.00990,0.00985,0.5,87228,859,86798,2020384,23.16
AR,b,1981,57,0.01084,0.01079,0.5,86369,932,85903,1933586,22.39
AR,b,1981,58,0.01105,0.01099,0.5,85437,939,84968,1847683,21.63
AR,b,1981,59,0.01255,0.01248,0.5,84499,1054,83972,1762715,20.86
AR,b,1981,60,0.01410,0.01400,0.5,83444,1168,82860,1678743,20.12
AR,b,1981,61,0.01609,0.01596,0.5,82276,1313,81620,1595883,19.40
AR,b,1981,62,0.01633,0.01620,0.5,80963,1312,80307,1514263,18.70
AR,b,1981,63,0.01660,0.01647,0.5,79651,1311,78996,1433956,18.00
AR,b,1981,64,0.01776,0.01760,0.5,78340,1379,77650,1354961,17.30
AR,b,1981,65,0.01957,0.01938,0.5,76961,1492,76215,1277310,16.60
AR,b,1981,66,0.02183,0.02160,0.5,75470,1630,74655,1201095,15.91
AR,b,1981,67,0.02369,0.02341,0.5,73840,1729,72975,1126440,15.26
AR,b,1981,68,0.02639,0.02604,0.5,72111,1878,71172,1053465,14.61
AR,b,1981,69,0.02678,0.02642,0.5,70233,1856,69305,982293,13.99
AR,b,1981,70,0.03041,0.02995,0.5,68377,2048,67353,912988,13.35
AR,b,1981,71,0.03539,0.03477,0.5,66329,2306,65176,845635,12.75
AR,b,1981,72,0.03531,0.03470,0.5,64023,2221,62912,780459,12.19
AR,b,1981,73,0.04002,0.03923,0.5,61801,2425,60589,717548,11.61
AR,b,1981,74,0.03986,0.03908,0.5,59376,2321,58216,656959,11.06
AR,b,1981,75,0.04812,0.04699,0.5,57056,2681,55715,598743,10.49
AR,b,1981,76,0.04985,0.04863,0.5,54375,2644,53053,543027,9.99
AR,b,1981,77,0.05042,0.04918,0.5,51730,2544,50458,489975,9.47
AR,b,1981,78,0.06001,0.05827,0.5,49186,2866,47753,439516,8.94
AR,b,1981,79,0.05929,0.05759,0.5,46320,2667,44987,391763,8.46
AR,b,1981,80,0.07331,0.07072,0.5,43653,3087,42109,346777,7.94
AR,b,1981,81,0.07633,0.07352,0.5,40566,2982,39074,304667,7.51
AR,b,1981,82,0.08574,0.08222,0.5,37583,3090,36038,265593,7.07
AR,b,1981,83,0.09349,0.08932,0.5,34493,3081,32953,229555,6.66
AR,b,1981,84,0.10252,0.09752,0.5,31412,3063,29881,196602,6.26
AR,b,1981,85,0.11151,0.10562,0.5,28349,2994,26852,166722,5.88
AR,b,1981,86,0.13250,0.12427,0.5,25355,3151,23779,139870,5.52
AR,b,1981,87,0.12330,0.11614,0.5,22204,2579,20915,116090,5.23
AR,b,1981,88,0.15488,0.14375,0.5,19625,2821,18215,95176,4.85
AR,b,1981,89,0.17700,0.16261,0.5,16804,2733,15438,76961,4.58
AR,b,1981,90,0.17337,0.15954,0.5,14072,2245,12949,61523,4.37
AR,b,1981,91,0.19877,0.18080,0.5,11827,2138,10757,48574,4.11
AR,b,1981,92,0.19600,0.17851,0.5,9688,1729,8824,37817,3.90
AR,b,1981,93,0.22193,0.19977,0.5,7959,1590,7164,28993,3.64
AR,b,1981,94,0.24015,0.21441,0.5,6369,1366,5686,21829,3.43
AR,b,1981,95,0.25945,0.22966,0.5,5003,1149,4429,16143,3.23
AR,b,1981,96,0.27980,0.24546,0.5,3854,946,3381,11714,3.04
AR,b,1981,97,0.30118,0.26176,0.5,2908,761,2528,8333,2.87
AR,b,1981,98,0.32354,0.27849,0.5,2147,598,1848,5806,2.70
AR,b,1981,99,0.34682,0.29556,0.5,1549,458,1320,3958,2.55
AR,b,1981,100,0.37093,0.31290,0.5,1091,341,920,2637,2.42
AR,b,1981,101,0.39579,0.33040,0.5,750,248,626,1717,2.29
AR,b,1981,102,0.42127,0.34797,0.5,502,175,415,1091,2.17
AR,b,1981,103,0.44725,0.36551,0.5,327,120,268,676,2.07
AR,b,1981,104,0.47360,0.38292,0.5,208,80,168,409,1.97
AR,b,1981,105,0.50016,0.40010,0.5,128,51,103,241,1.88
AR,b,1981,106,0.52678,0.41696,0.5,77,32,61,138,1.80
AR,b,1981,107,0.55331,0.43341,0.5,45,19,35,77,1.73
AR,b,1981,108,0.57960,0.44937,0.5,25,11,20,42,1.67
AR,b,1981,109,0.60549,0.46478,0.5,14,7,11,23,1.62
AR,b,1981,110+,0.63086,1.00000,1.59,7,7,12,12,1.59
AR,b,1982,0,0.01009,0.00999,0.08,100000,999,99077,7416874,74.17
AR,b,1982,1,0.00095,0.00095,0.5,99001,94,98954,7317797,73.92
AR,b,1982,2,0.00071,0.00071,0.5,98907,71,98872,7218843,72.99
AR,b,1982,3,0.00040,0.00040,0.5,98836,40,98817,7119971,72.04
AR,b,1982,4,0.00043,0.00043,0.5,98797,43,98776,7021154,71.07
AR,b,1982,5,0.00032,0.00032,0.5,98754,32,98738,6922379,70.10
AR,b,1982,6,0.00053,0.00053,0.5,98723,52,98696,6823640,69.12
AR,b,1982,7,0.00032,0.00032,0.5,98670,31,98655,6724944,68.16
AR,b,1982,8,0.00030,0.00030,0.5,98639,30,98624,6626289,67.18
AR,b,1982,9,0.00028,0.00028,0.5,98609,28,98595,6527665,66.20
AR,b,1982,10,0.00030,0.00030,0.5,98581,29,98566,6429070,65.22
AR,b,1982,11,0.00043,0.00043,0.5,98552,42,98531,6330503,64.24
AR,b,1982,12,0.00040,0.00040,0.5,98510,40,98490,6231973,63.26
AR,b,1982,13,0.00041,0.00041,0.5,98470,41,98450,6133483,62.29
AR,b,1982,14,0.00020,0.00020,0.5,98429,19,98419,6035033,61.31
AR,b,1982,15,0.00044,0.00044,0.5,98410,43,98388,5936614,60.33
AR,b,1982,16,0.00089,0.00089,0.5,98367,88,98323,5838226,59.35
AR,b,1982,17,0.00081,0.00081,0.5,98279,79,98239,5739903,58.40
AR,b,1982,18,0.00127,0.00127,0.5,98200,125,98137,5641663,57.45
AR,b,1982,19,0.00116,0.00116,0.5,98075,113,98018,5543526,56.52
AR,b,1982,20,0.00116,0.00116,0.5,97961,114,97904,5445508,55.59
AR,b,1982,21,0.00141,0.00141,0.5,97847,138,97778,5347604,54.65
AR,b,1982,22,0.00105,0.00105,0.5,97710,103,97658,5249826,53.73
AR,b,1982,23,0.00133,0.00133,0.5,97607,130,97542,5152167,52.78
AR,b,1982,24,0.00113,0.00113,0.5,97477,110,97422,5054626,51.85
AR,b,1982,25,0.00115,0.00115,0.5,97367,112,97311,4957204,50.91
AR,b,1982,26,0.00124,0.00124,0.5,97255,121,97195,4859893,49.97
AR,b,1982,27,0.00131,0.00131,0.5,97134,127,97071,4762698,49.03
AR,b,1982,28,0.00110,0.00110,0.5,97007,106,96954,4665628,48.10
AR,b,1982,29,0.00105,0.00105,0.5,96901,101,96850,4568674,47.15
AR,b,1982,30,0.00141,0.00140,0.5,96799,136,96731,4471824,46.20
AR,b,1982,31,0.00135,0.00134,0.5,96663,130,96598,4375093,45.26
AR,b,1982,32,0.00126,0.00125,0.5,96533,121,96473,4278494,44.32
AR,b,1982,33,0.00166,0.00166,0.5,96412,160,96332,4182022,43.38
AR,b,1982,34,0.00162,0.00162,0.5,96252,156,96174,4085689,42.45
AR,b,1982,35,0.00173,0.00173,0.5,96096,166,96014,3989515,41.52
AR,b,1982,36,0.00144,0.00144,0.5,95931,138,95861,3893501,40.59
AR,b,1982,37,0.00186,0.00186,0.5,95792,178,95703,3797640,39.64
AR,b,1982,38,0.00210,0.00210,0.5,95614,201,95514,3701937,38.72
AR,b,1982,39,0.00198,0.00198,0.5,95413,189,95319,3606423,37.80
AR,b,1982,40,0.00235,0.00234,0.5,95224,223,95113,3511105,36.87
AR,b,1982,41,0.00286,0.00286,0.5,95001,272,94865,3415992,35.96
AR,b,1982,42,0.00245,0.00245,0.5,94729,232,94613,3321127,35.06
AR,b,1982,43,0.00271,0.00270,0.5,94498,256,94370,3226514,34.14
AR,b,1982,44,0.00305,0.00304,0.5,94242,287,94099,3132144,33.24
AR,b,1982,45,0.00402,0.00401,0.5,93955,377,93767,3038045,32.34
AR,b,1982,46,0.00364,0.00363,0.5,93579,340,93409,2944278,31.46
AR,b,1982,47,0.00438,0.00437,0.5,93239,407,93035,2850870,30.58
AR,b,1982,48,0.00611,0.00609,0.5,92831,566,92549,2757835,29.71
AR,b,1982,49,0.00554,0.00553,0.5,92266,510,92011,2665286,28.89
AR,b,1982,50,0.00578,0.00577,0.5,91756,529,91491,2573275,28.04
AR,b,1982,51,0.00723,0.00720,0.5,91227,657,90898,2481784,27.20
AR,b,1982,52,0.00856,0.00852,0.5,90569,772,90184,2390886,26.40
AR,b,1982,53,0.00731,0.00728,0.5,89798,654,89471,2300702,25.62
AR,b,1982,54,0.00767,0.00764,0.5,89144,681,88803,2211231,24.81
AR,b,1982,55,0.01001,0.00996,0.5,88462,881,88022,2122428,23.99
AR,b,1982,56,0.01103,0.01097,0.5,87581,961,87101,2034406,23.23
AR,b,1982,57,0.01045,0.01039,0.5,86621,900,86170,1947305,22.48
AR,b,1982,58,0.01242,0.01234,0.5,85720,1058,85191,1861135,21.71
AR,b,1982,59,0.01285,0.01277,0.5,84662,1081,84122,1775944,20.98
AR,b,1982,60,0.01365,0.01356,0.5,83581,1133,83015,1691822,20.24
AR,b,1982,61,0.01358,0.01349,0.5,82448,1112,81892,1608807,19.51
AR,b,1982,62,0.01732,0.01718,0.5,81336,1397,80637,1526915,18.77
AR,b,1982,63,0.01778,0.01762,0.5,79939,1409,79235,1446278,18.09
AR,b,1982,64,0.01871,0.01854,0.5,78530,1456,77802,1367043,17.41
AR,b,1982,65,0.01912,0.01894,0.5,77074,1460,76344,1289241,16.73
AR,b,1982,66,0.02292,0.02266,0.5,75614,1714,74758,1212896,16.04
AR,b,1982,67,0.02261,0.02235,0.5,73901,1652,73075,1138139,15.40
AR,b,1982,68,0.02683,0.02648,0.5,72249,1913,71292,1065064,14.74
AR,b,1982,69,0.02601,0.02567,0.5,70336,1806,69433,993771,14.13
AR,b,1982,70,0.02970,0.02926,0.5,68530,2005,67528,924338,13.49
AR,b,1982,71,0.03339,0.03284,0.5,66525,2185,65433,856810,12.88
AR,b,1982,72,0.03487,0.03428,0.5,64340,2205,63238,791378,12.30
AR,b,1982,73,0.03915,0.03840,0.5,62135,2386,60942,728140,11.72
AR,b,1982,74,0.04333,0.04241,0.5,59749,2534,58482,667198,11.17
AR,b,1982,75,0.04838,0.04723,0.5,57215,2702,55864,608715,10.64
AR,b,1982,76,0.04809,0.04696,0.5,54513,2560,53233,552851,10.14
AR,b,1982,77,0.05040,0.04916,0.5,51953,2554,50676,499618,9.62
AR,b,1982,78,0.05396,0.05254,0.5,49399,2596,48101,448943,9.09
AR,b,1982,79,0.06287,0.06095,0.5,46803,2853,45377,400842,8.56
AR,b,1982,80,0.06786,0.06563,0.5,43950,2884,42508,355465,8.09
AR,b,1982,81,0.07889,0.07590,0.5,41066,3117,39507,312958,7.62
AR,b,1982,82,0.08179,0.07858,0.5,37949,2982,36458,273450,7.21
AR,b,1982,83,0.09407,0.08984,0.5,34967,3141,33396,236992,6.78
AR,b,1982,84,0.10156,0.09665,0.5,31825,3076,30287,203596,6.40
AR,b,1982,85,0.10718,0.10173,0.5,28749,2925,27287,173309,6.03
AR,b,1982,86,0.12468,0.11736,0.5,25825,3031,24309,146022,5.65
AR,b,1982,87,0.13755,0.12869,0.5,22794,2933,21327,121712,5.34
AR,b,1982,88,0.13863,0.12965,0.5,19861,2575,18573,100385,5.05
AR,b,1982,89,0.16281,0.15056,0.5,17286,2602,15984,81812,4.73
AR,b,1982,90,0.16837,0.15530,0.5,14683,2280,13543,65827,4.48
AR,b,1982,91,0.17234,0.15866,0.5,12403,1968,11419,52284,4.22
AR,b,1982,92,0.20181,0.18331,0.5,10435,1913,9479,40865,3.92
AR,b,1982,93,0.21881,0.19723,0.5,8522,1681,7682,31387,3.68
AR,b,1982,94,0.23687,0.21179,0.5,6841,1449,6117,23705,3.46
AR,b,1982,95,0.25599,0.22694,0.5,5392,1224,4781,17588,3.26
AR,b,1982,96,0.27614,0.24264,0.5,4169,1011,3663,12808,3.07
AR,b,1982,97,0.29731,0.25884,0.5,3157,817,2749,9145,2.90
AR,b,1982,98,0.31945,0.27545,0.5,2340,645,2018,6396,2.73
AR,b,1982,99,0.34249,0.29241,0.5,1695,496,1448,4378,2.58
AR,b,1982,100,0.36636,0.30964,0.5,1200,371,1014,2931,2.44
AR,b,1982,101,0.39096,0.32703,0.5,828,271,693,1917,2.31
AR,b,1982,102,0.41619,0.34450,0.5,557,192,461,1224,2.20
AR,b,1982,103,0.44192,0.36195,0.5,365,132,299,763,2.09
AR,b,1982,104,0.46803,0.37927,0.5,233,88,189,464,1.99
AR,b,1982,105,0.49437,0.39639,0.5,145,57,116,275,1.90
AR,b,1982,106,0.52079,0.41319,0.5,87,36,69,159,1.82
AR,b,1982,107,0.54714,0.42961,0.5,51,22,40,89,1.74
AR,b,1982,108,0.57328,0.44556,0.5,29,13,23,49,1.68
AR,b,1982,109,0.59905,0.46098,0.5,16,7,12,26,1.63
AR,b,1982,110+,0.62433,1.00000,1.6,9,9,14,14,1.60
AR,b,1983,0,0.01074,0.01064,0.08,100000,1064,99020,7403578,74.04
AR,b,1983,1,0.00073,0.00073,0.5,98936,72,98900,7304558,73.83
AR,b,1983,2,0.00064,0.00064,0.5,98864,63,98833,7205658,72.88
AR,b,1983,3,0.00071,0.00071,0.5,98801,70,98766,7106825,71.93
AR,b,1983,4,0.00043,0.00043,0.5,98731,42,98710,7008059,70.98
AR,b,1983,5,0.00041,0.00041,0.5,98689,40,98669,6909349,70.01
AR,b,1983,6,0.00032,0.00032,0.5,98649,32,98633,6810680,69.04
AR,b,1983,7,0.00023,0.00023,0.5,98617,23,98606,6712047,68.06
AR,b,1983,8,0.00030,0.00030,0.5,98594,30,98579,6613441,67.08
AR,b,1983,9,0.00038,0.00038,0.5,98564,37,98546,6514862,66.10
AR,b,1983,10,0.00026,0.00026,0.5,98527,25,98515,6416317,65.12
AR,b,1983,11,0.00039,0.00039,0.5,98502,38,98483,6317802,64.14
AR,b,1983,12,0.00030,0.00030,0.5,98464,29,98449,6219319,63.16
AR,b,1983,13,0.00027,0.00027,0.5,98435,27,98421,6120870,62.18
AR,b,1983,14,0.00053,0.00053,0.5,98408,52,98382,6022448,61.20
AR,b,1983,15,0.00047,0.00047,0.5,98356,47,98333,5924066,60.23
AR,b,1983,16,0.00064,0.00064,0.5,98310,62,98279,5825733,59.26
AR,b,1983,17,0.00104,0.00104,0.5,98247,102,98197,5727454,58.30
AR,b,1983,18,0.00121,0.00121,0.5,98146,118,98087,5629258,57.36
AR,b,1983,19,0.00131,0.00131,0.5,98027,128,97963,5531171,56.42
AR,b,1983,20,0.00104,0.00104,0.5,97899,101,97849,5433208,55.50
AR,b,1983,21,0.00093,0.00093,0.5,97798,91,97753,5335359,54.55
AR,b,1983,22,0.00134,0.00134,0.5,97707,131,97642,5237606,53.61
AR,b,1983,23,0.00119,0.00119,0.5,97576,116,97518,5139965,52.68
AR,b,1983,24,0.00112,0.00112,0.5,97460,110,97405,5042446,51.74
AR,b,1983,25,0.00143,0.00143,0.5,97351,139,97281,4945041,50.80
AR,b,1983,26,0.00128,0.00128,0.5,97211,124,97149,4847760,49.87
AR,b,1983,27,0.00141,0.00141,0.5,97087,137,97018,4750611,48.93
AR,b,1983,28,0.00127,0.00126,0.5,96950,123,96889,4653593,48.00
AR,b,1983,29,0.00125,0.00125,0.5,96827,121,96767,4556704,47.06
AR,b,1983,30,0.00112,0.00112,0.5,96707,109,96652,4459937,46.12
AR,b,1983,31,0.00145,0.00145,0.5,96598,140,96528,4363285,45.17
AR,b,1983,32,0.00170,0.00170,0.5,96458,164,96376,4266757,44.23
AR,b,1983,33,0.00145,0.00145,0.5,96294,140,96224,4170380,43.31
AR,b,1983,34,0.00129,0.00129,0.5,96154,124,96092,4074156,42.37
AR,b,1983,35,0.00155,0.00155,0.5,96030,149,95956,3978064,41.43
AR,b,1983,36,0.00203,0.00203,0.5,95881,194,95784,3882108,40.49
AR,b,1983,37,0.00154,0.00154,0.5,95687,147,95614,3786324,39.57
AR,b,1983,38,0.00147,0.00147,0.5,95540,140,95470,3690710,38.63
AR,b,1983,39,0.00261,0.00261,0.5,95400,249,95275,3595240,37.69
AR,b,1983,40,0.00237,0.00237,0.5,95151,226,95038,3499965,36.78
AR,b,1983,41,0.00267,0.00266,0.5,94925,253,94799,3404927,35.87
AR,b,1983,42,0.00317,0.00316,0.5,94673,299,94523,3310128,34.96
AR,b,1983,43,0.00276,0.00276,0.5,94373,261,94243,3215605,34.07
AR,b,1983,44,0.00360,0.00360,0.5,94113,338,93944,3121362,33.17
AR,b,1983,45,0.00367,0.00366,0.5,93774,343,93603,3027418,32.28
AR,b,1983,46,0.00410,0.00409,0.5,93431,382,93240,2933815,31.40
AR,b,1983,47,0.00453,0.00452,0.5,93049,421,92838,2840575,30.53
AR,b,1983,48,0.00572,0.00571,0.5,92628,529,92364,2747737,29.66
AR,b,1983,49,0.00520,0.00519,0.5,92099,478,91860,2655373,28.83
AR,b,1983,50,0.00613,0.00611,0.5,91621,560,91341,2563513,27.98
AR,b,1983,51,0.00691,0.00689,0.5,91061,627,90748,2472171,27.15
AR,b,1983,52,0.00748,0.00746,0.5,90434,674,90097,2381424,26.33
AR,b,1983,53,0.00708,0.00706,0.5,89760,634,89443,2291327,25.53
AR,b,1983,54,0.00691,0.00688,0.5,89126,613,88820,2201884,24.71
AR,b,1983,55,0.00875,0.00871,0.5,88513,771,88127,2113064,23.87
AR,b,1983,56,0.01117,0.01111,0.5,87742,975,87254,2024937,23.08
AR,b,1983,57,0.01190,0.01183,0.5,86767,1027,86253,1937682,22.33
AR,b,1983,58,0.01246,0.01238,0.5,85740,1062,85209,1851429,21.59
AR,b,1983,59,0.01149,0.01143,0.5,84679,968,84195,1766220,20.86
AR,b,1983,60,0.01272,0.01264,0.5,83711,1058,83182,1682025,20.09
AR,b,1983,61,0.01453,0.01443,0.5,82653,1192,82057,1598843,19.34
AR,b,1983,62,0.01747,0.01731,0.5,81461,1410,80755,1516786,18.62
AR,b,1983,63,0.01814,0.01798,0.5,80050,1439,79331,1436031,17.94
AR,b,1983,64,0.01856,0.01839,0.5,78611,1446,77888,1356701,17.26
AR,b,1983,65,0.02174,0.02150,0.5,77165,1659,76336,1278812,16.57
AR,b,1983,66,0.02086,0.02064,0.5,75506,1559,74727,1202477,15.93
AR,b,1983,67,0.02140,0.02118,0.5,73948,1566,73165,1127750,15.25
AR,b,1983,68,0.02523,0.02491,0.5,72382,1803,71480,1054585,14.57
AR,b,1983,69,0.02707,0.02670,0.5,70578,1885,69636,983105,13.93
AR,b,1983,70,0.03024,0.02979,0.5,68694,2046,67671,913469,13.30
AR,b,1983,71,0.03169,0.03120,0.5,66647,2079,65608,845799,12.69
AR,b,1983,72,0.03583,0.03520,0.5,64568,2273,63432,780191,12.08
AR,b,1983,73,0.03877,0.03804,0.5,62295,2370,61111,716759,11.51
AR,b,1983,74,0.04176,0.04090,0.5,59926,2451,58700,655649,10.94
AR,b,1983,75,0.04866,0.04751,0.5,57475,2730,56109,596948,10.39
AR,b,1983,76,0.04997,0.04875,0.5,54744,2669,53410,540839,9.88
AR,b,1983,77,0.05528,0.05380,0.5,52075,2802,50675,487429,9.36
AR,b,1983,78,0.05791,0.05628,0.5,49274,2773,47887,436754,8.86
AR,b,1983,79,0.06015,0.05839,0.5,46501,2715,45143,388867,8.36
AR,b,1983,80,0.07819,0.07525,0.5,43785,3295,42138,343724,7.85
AR,b,1983,81,0.08110,0.07794,0.5,40491,3156,38913,301586,7.45
AR,b,1983,82,0.08749,0.08383,0.5,37335,3130,35770,262673,7.04
AR,b,1983,83,0.09717,0.09267,0.5,34205,3170,32621,226903,6.63
AR,b,1983,84,0.10559,0.10029,0.5,31036,3113,29479,194282,6.26
AR,b,1983,85,0.11867,0.11202,0.5,27923,3128,26359,164803,5.90
AR,b,1983,86,0.12465,0.11734,0.5,24795,2909,23340,138444,5.58
AR,b,1983,87,0.13826,0.12932,0.5,21886,2830,20471,115104,5.26
AR,b,1983,88,0.16021,0.14832,0.5,19055,2826,17642,94633,4.97
AR,b,1983,89,0.16601,0.15328,0.5,16229,2488,14985,76991,4.74
AR,b,1983,90,0.16892,0.15576,0.5,13741,2140,12671,62006,4.51
AR,b,1983,91,0.17750,0.16304,0.5,11601,1891,10655,49334,4.25
AR,b,1983,92,0.20093,0.18259,0.5,9710,1773,8823,38679,3.98
AR,b,1983,93,0.21642,0.19529,0.5,7937,1550,7162,29856,3.76
AR,b,1983,94,0.23282,0.20854,0.5,6387,1332,5721,22694,3.55
AR,b,1983,95,0.25012,0.22232,0.5,5055,1124,4493,16973,3.36
AR,b,1983,96,0.26833,0.23659,0.5,3931,930,3466,12481,3.17
AR,b,1983,97,0.28742,0.25131,0.5,3001,754,2624,9014,3.00
AR,b,1983,98,0.30737,0.26642,0.5,2247,599,1948,6391,2.84
AR,b,1983,99,0.32813,0.28188,0.5,1648,465,1416,4443,2.70
AR,b,1983,100,0.34965,0.29762,0.5,1184,352,1007,3027,2.56
AR,b,1983,101,0.37187,0.31357,0.5,831,261,701,2020,2.43
AR,b,1983,102,0.39471,0.32965,0.5,571,188,477,1319,2.31
AR,b,1983,103,0.41807,0.34579,0.5,383,132,316,842,2.20
AR,b,1983,104,0.44188,0.36192,0.5,250,91,205,526,2.10
AR,b,1983,105,0.46600,0.37794,0.5,160,60,130,321,2.01
AR,b,1983,106,0.49034,0.39380,0.5,99,39,80,191,1.92
AR,b,1983,107,0.51478,0.40940,0.5,60,25,48,111,1.85
AR,b,1983,108,0.53919,0.42470,0.5,36,15,28,63,1.79
AR,b,1983,109,0.56346,0.43961,0.5,20,9,16,35,1.73
AR,b,1983,110+,0.58747,1.00000,1.7,11,11,20,20,1.70
AR,b,1984,0,0.01108,0.01096,0.08,100000,1096,98990,7399107,73.99
AR,b,1984,1,0.00101,0.00101,0.5,98904,99,98854,7300117,73.81
AR,b,1984,2,0.00047,0.00047,0.5,98804,46,98781,7201263,72.88
AR,b,1984,3,0.00072,0.00072,0.5,98758,71,98722,7102482,71.92
AR,b,1984,4,0.00031,0.00031,0.5,98687,31,98672,7003760,70.97
AR,b,1984,5,0.00049,0.00048,0.5,98656,48,98632,6905088,69.99
AR,b,1984,6,0.00043,0.00043,0.5,98609,43,98587,6806456,69.03
AR,b,1984,7,0.00026,0.00026,0.5,98566,26,98553,6707869,68.05
AR,b,1984,8,0.00040,0.00039,0.5,98540,39,98521,6609316,67.07
AR,b,1984,9,0.00026,0.00026,0.5,98501,26,98488,6510795,66.10
AR,b,1984,10,0.00020,0.00020,0.5,98476,20,98466,6412307,65.12
AR,b,1984,11,0.00029,0.00029,0.5,98456,28,98441,6313841,64.13
AR,b,1984,12,0.00031,0.00031,0.5,98427,30,98412,6215400,63.15
AR,b,1984,13,0.00032,0.00032,0.5,98397,32,98381,6116987,62.17
AR,b,1984,14,0.00035,0.00035,0.5,98366,34,98348,6018606,61.19
AR,b,1984,15,0.00058,0.00058,0.5,98331,57,98303,5920258,60.21
AR,b,1984,16,0.00095,0.00095,0.5,98274,93,98228,5821955,59.24
AR,b,1984,17,0.00084,0.00084,0.5,98181,82,98140,5723727,58.30
AR,b,1984,18,0.00101,0.00101,0.5,98099,99,98049,5625587,57.35
AR,b,1984,19,0.00127,0.00126,0.5,97999,124,97938,5527538,56.40
AR,b,1984,20,0.00114,0.00114,0.5,97876,112,97820,5429600,55.47
AR,b,1984,21,0.00087,0.00087,0.5,97764,85,97721,5331781,54.54
AR,b,1984,22,0.00156,0.00155,0.5,97678,152,97603,5234059,53.58
AR,b,1984,23,0.00146,0.00146,0.5,97527,142,97456,5136457,52.67
AR,b,1984,24,0.00104,0.00104,0.5,97385,101,97334,5039001,51.74
AR,b,1984,25,0.00109,0.00109,0.5,97284,106,97231,4941667,50.80
AR,b,1984,26,0.00108,0.00108,0.5,97178,105,97126,4844437,49.85
AR,b,1984,27,0.00112,0.00112,0.5,97073,109,97019,4747311,48.90
AR,b,1984,28,0.00143,0.00143,0.5,96965,138,96895,4650292,47.96
AR,b,1984,29,0.00129,0.00129,0.5,96826,125,96764,4553397,47.03
AR,b,1984,30,0.00113,0.00113,0.5,96702,109,96647,4456633,46.09
AR,b,1984,31,0.00127,0.00127,0.5,96592,123,96531,4359986,45.14
AR,b,1984,32,0.00126,0.00126,0.5,96470,121,96409,4263455,44.19
AR,b,1984,33,0.00208,0.00208,0.5,96349,200,96249,4167045,43.25
AR,b,1984,34,0.00148,0.00148,0.5,96149,142,96078,4070797,42.34
AR,b,1984,35,0.00170,0.00170,0.5,96007,163,95925,3974719,41.40
AR,b,1984,36,0.00193,0.00192,0.5,95844,184,95751,3878794,40.47
AR,b,1984,37,0.00179,0.00179,0.5,95659,172,95573,3783042,39.55
AR,b,1984,38,0.00208,0.00208,0.5,95488,198,95388,3687469,38.62
AR,b,1984,39,0.00227,0.00227,0.5,95289,216,95181,3592081,37.70
AR,b,1984,40,0.00240,0.00240,0.5,95073,228,94959,3496899,36.78
AR,b,1984,41,0.00261,0.00260,0.5,94845,247,94722,3401940,35.87
AR,b,1984,42,0.00283,0.00283,0.5,94599,267,94465,3307218,34.96
AR,b,1984,43,0.00294,0.00294,0.5,94331,277,94193,3212753,34.06
AR,b,1984,44,0.00276,0.00276,0.5,94054,259,93924,3118561,33.16
AR,b,1984,45,0.00408,0.00407,0.5,93795,382,93604,3024636,32.25
AR,b,1984,46,0.00407,0.00406,0.5,93413,379,93223,2931033,31.38
AR,b,1984,47,0.00461,0.00460,0.5,93033,428,92819,2837810,30.50
AR,b,1984,48,0.00464,0.00463,0.5,92605,429,92391,2744990,29.64
AR,b,1984,49,0.00536,0.00535,0.5,92176,493,91930,2652600,28.78
AR,b,1984,50,0.00640,0.00638,0.5,91683,585,91391,2560670,27.93
AR,b,1984,51,0.00577,0.00575,0.5,91098,524,90836,2469280,27.11
AR,b,1984,52,0.00722,0.00719,0.5,90574,651,90248,2378444,26.26
AR,b,1984,53,0.00751,0.00748,0.5,89923,673,89586,2288195,25.45
AR,b,1984,54,0.00747,0.00744,0.5,89250,664,88918,2198609,24.63
AR,b,1984,55,0.00820,0.00817,0.5,88586,724,88224,2109691,23.82
AR,b,1984,56,0.01022,0.01017,0.5,87862,893,87416,2021467,23.01
AR,b,1984,57,0.01157,0.01151,0.5,86969,1001,86469,1934052,22.24
AR,b,1984,58,0.01206,0.01199,0.5,85968,1031,85453,1847583,21.49
AR,b,1984,59,0.01425,0.01415,0.5,84937,1202,84336,1762131,20.75
AR,b,1984,60,0.01372,0.01363,0.5,83735,1141,83165,1677794,20.04
AR,b,1984,61,0.01563,0.01551,0.5,82594,1281,81954,1594629,19.31
AR,b,1984,62,0.01712,0.01698,0.5,81313,1381,80623,1512676,18.60
AR,b,1984,63,0.01849,0.01832,0.5,79933,1465,79200,1432053,17.92
AR,b,1984,64,0.02070,0.02049,0.5,78468,1608,77664,1352852,17.24
AR,b,1984,65,0.01985,0.01965,0.5,76860,1510,76105,1275188,16.59
AR,b,1984,66,0.02367,0.02339,0.5,75350,1763,74469,1199083,15.91
AR,b,1984,67,0.02180,0.02156,0.5,73587,1587,72794,1124614,15.28
AR,b,1984,68,0.02534,0.02502,0.5,72001,1801,71100,1051820,14.61
AR,b,1984,69,0.02797,0.02758,0.5,70199,1936,69231,980720,13.97
AR,b,1984,70,0.02879,0.02838,0.5,68263,1937,67294,911489,13.35
AR,b,1984,71,0.03318,0.03264,0.5,66326,2165,65243,844195,12.73
AR,b,1984,72,0.03324,0.03270,0.5,64161,2098,63112,778951,12.14
AR,b,1984,73,0.03940,0.03864,0.5,62063,2398,60864,715839,11.53
AR,b,1984,74,0.04402,0.04307,0.5,59665,2570,58380,654975,10.98
AR,b,1984,75,0.04535,0.04434,0.5,57095,2532,55829,596595,10.45
AR,b,1984,76,0.05320,0.05182,0.5,54563,2827,53149,540767,9.91
AR,b,1984,77,0.05434,0.05290,0.5,51736,2737,50367,487617,9.43
AR,b,1984,78,0.05966,0.05793,0.5,48998,2838,47579,437250,8.92
AR,b,1984,79,0.06180,0.05994,0.5,46160,2767,44777,389671,8.44
AR,b,1984,80,0.06908,0.06677,0.5,43393,2897,41944,344895,7.95
AR,b,1984,81,0.08048,0.07737,0.5,40496,3133,38929,302950,7.48
AR,b,1984,82,0.08618,0.08262,0.5,37362,3087,35819,264021,7.07
AR,b,1984,83,0.09680,0.09233,0.5,34275,3165,32693,228202,6.66
AR,b,1984,84,0.10683,0.10141,0.5,31111,3155,29533,195509,6.28
AR,b,1984,85,0.11520,0.10893,0.5,27956,3045,26433,165976,5.94
AR,b,1984,86,0.13244,0.12422,0.5,24911,3094,23363,139543,5.60
AR,b,1984,87,0.13755,0.12870,0.5,21816,2808,20412,116179,5.33
AR,b,1984,88,0.13698,0.12820,0.5,19009,2437,17790,95767,5.04
AR,b,1984,89,0.14838,0.13813,0.5,16572,2289,15427,77977,4.71
AR,b,1984,90,0.16175,0.14965,0.5,14283,2137,13214,62550,4.38
AR,b,1984,91,0.19935,0.18128,0.5,12145,2202,11044,49336,4.06
AR,b,1984,92,0.20652,0.18719,0.5,9944,1861,9013,38292,3.85
AR,b,1984,93,0.22372,0.20121,0.5,8082,1626,7269,29279,3.62
AR,b,1984,94,0.24198,0.21586,0.5,6456,1394,5759,22010,3.41
AR,b,1984,95,0.26131,0.23111,0.5,5062,1170,4477,16250,3.21
AR,b,1984,96,0.28168,0.24691,0.5,3892,961,3412,11773,3.02
AR,b,1984,97,0.30307,0.26319,0.5,2931,771,2546,8361,2.85
AR,b,1984,98,0.32542,0.27988,0.5,2160,604,1858,5816,2.69
AR,b,1984,99,0.34866,0.29690,0.5,1555,462,1324,3958,2.54
AR,b,1984,100,0.37273,0.31418,0.5,1094,344,922,2634,2.41
AR,b,1984,101,0.39751,0.33160,0.5,750,249,626,1712,2.28
AR,b,1984,102,0.42290,0.34909,0.5,501,175,414,1086,2.17
AR,b,1984,103,0.44877,0.36653,0.5,326,120,266,672,2.06
AR,b,1984,104,0.47498,0.38383,0.5,207,79,167,406,1.96
AR,b,1984,105,0.50139,0.40089,0.5,127,51,102,239,1.88
AR,b,1984,106,0.52785,0.41762,0.5,76,32,60,137,1.80
AR,b,1984,107,0.55419,0.43395,0.5,44,19,35,77,1.72
AR,b,1984,108,0.58028,0.44978,0.5,25,11,19,42,1.66
AR,b,1984,109,0.60597,0.46506,0.5,14,6,11,22,1.62
AR,b,1984,110+,0.63112,1.00000,1.58,7,7,12,12,1.58
AR,b,1985,0,0.01197,0.01184,0.08,100000,1184,98913,7384917,73.85
AR,b,1985,1,0.00075,0.00075,0.5,98816,74,98780,7286005,73.73
AR,b,1985,2,0.00071,0.00071,0.5,98743,70,98707,7187225,72.79
AR,b,1985,3,0.00050,0.00050,0.5,98672,49,98648,7088518,71.84
AR,b,1985,4,0.00037,0.00037,0.5,98623,36,98605,6989870,70.87
AR,b,1985,5,0.00039,0.00039,0.5,98587,39,98568,6891265,69.90
AR,b,1985,6,0.00046,0.00046,0.5,98548,45,98526,6792697,68.93
AR,b,1985,7,0.00040,0.00040,0.5,98503,39,98483,6694171,67.96
AR,b,1985,8,0.00042,0.00042,0.5,98464,42,98443,6595688,66.99
AR,b,1985,9,0.00026,0.00026,0.5,98422,26,98409,6497245,66.01
AR,b,1985,10,0.00032,0.00032,0.5,98397,31,98381,6398835,65.03
AR,b,1985,11,0.00018,0.00018,0.5,98365,17,98357,6300455,64.05
AR,b,1985,12,0.00029,0.00029,0.5,98348,28,98334,6202098,63.06
AR,b,1985,13,0.00052,0.00052,0.5,98319,51,98294,6103764,62.08
AR,b,1985,14,0.00056,0.00056,0.5,98268,55,98240,6005470,61.11
AR,b,1985,15,0.00064,0.00064,0.5,98213,63,98181,5907230,60.15
AR,b,1985,16,0.00102,0.00102,0.5,98150,100,98100,5809049,59.19
AR,b,1985,17,0.00093,0.00093,0.5,98050,91,98004,5710949,58.25
AR,b,1985,18,0.00103,0.00103,0.5,97959,101,97908,5612945,57.30
AR,b,1985,19,0.00127,0.00127,0.5,97858,124,97795,5515037,56.36
AR,b,1985,20,0.00112,0.00112,0.5,97733,110,97678,5417242,55.43
AR,b,1985,21,0.00141,0.00141,0.5,97624,137,97555,5319563,54.49
AR,b,1985,22,0.00103,0.00103,0.5,97486,101,97436,5222008,53.57
AR,b,1985,23,0.00148,0.00148,0.5,97385,144,97313,5124573,52.62
AR,b,1985,24,0.00139,0.00139,0.5,97241,135,97174,5027259,51.70
AR,b,1985,25,0.00103,0.00103,0.5,97106,100,97056,4930085,50.77
AR,b,1985,26,0.00089,0.00089,0.5,97006,86,96963,4833029,49.82
AR,b,1985,27,0.00117,0.00117,0.5,96920,113,96864,4736065,48.87
AR,b,1985,28,0.00185,0.00184,0.5,96807,179,96718,4639202,47.92
AR,b,1985,29,0.00087,0.00087,0.5,96629,84,96587,4542484,47.01
AR,b,1985,30,0.00151,0.00151,0.5,96544,146,96472,4445898,46.05
AR,b,1985,31,0.00151,0.00151,0.5,96399,145,96326,4349426,45.12
AR,b,1985,32,0.00138,0.00138,0.5,96254,133,96187,4253100,44.19
AR,b,1985,33,0.00153,0.00153,0.5,96121,147,96048,4156912,43.25
AR,b,1985,34,0.00177,0.00177,0.5,95974,170,95889,4060865,42.31
AR,b,1985,35,0.00165,0.00165,0.5,95804,158,95725,3964976,41.39
AR,b,1985,36,0.00160,0.00159,0.5,95647,153,95570,3869250,40.45
AR,b,1985,37,0.00182,0.00182,0.5,95494,174,95407,3773680,39.52
AR,b,1985,38,0.00201,0.00201,0.5,95320,192,95224,3678273,38.59
AR,b,1985,39,0.00200,0.00200,0.5,95128,190,95034,3583048,37.67
AR,b,1985,40,0.00232,0.00232,0.5,94939,220,94829,3488015,36.74
AR,b,1985,41,0.00253,0.00253,0.5,94719,239,94599,3393186,35.82
AR,b,1985,42,0.00302,0.00302,0.5,94479,285,94337,3298587,34.91
AR,b,1985,43,0.00298,0.00297,0.5,94194,280,94054,3204251,34.02
AR,b,1985,44,0.00385,0.00384,0.5,93914,361,93734,3110197,33.12
AR,b,1985,45,0.00360,0.00359,0.5,93553,336,93385,3016463,32.24
AR,b,1985,46,0.00368,0.00368,0.5,93217,343,93046,2923078,31.36
AR,b,1985,47,0.00441,0.00440,0.5,92874,409,92670,2830033,30.47
AR,b,1985,48,0.00470,0.00469,0.5,92466,433,92249,2737363,29.60
AR,b,1985,49,0.00567,0.00566,0.5,92032,521,91772,2645114,28.74
AR,b,1985,50,0.00626,0.00624,0.5,91512,571,91226,2553342,27.90
AR,b,1985,51,0.00705,0.00702,0.5,90940,639,90621,2462116,27.07
AR,b,1985,52,0.00648,0.00646,0.5,90302,584,90010,2371495,26.26
AR,b,1985,53,0.00707,0.00705,0.5,89718,632,89402,2281485,25.43
AR,b,1985,54,0.00759,0.00756,0.5,89086,674,88749,2192083,24.61
AR,b,1985,55,0.00923,0.00918,0.5,88412,812,88006,2103334,23.79
AR,b,1985,56,0.00932,0.00928,0.5,87600,813,87194,2015329,23.01
AR,b,1985,57,0.01151,0.01144,0.5,86787,993,86291,1928135,22.22
AR,b,1985,58,0.01261,0.01253,0.5,85794,1075,85257,1841844,21.47
AR,b,1985,59,0.01200,0.01193,0.5,84719,1011,84214,1756587,20.73
AR,b,1985,60,0.01396,0.01386,0.5,83709,1161,83129,1672373,19.98
AR,b,1985,61,0.01506,0.01495,0.5,82548,1234,81931,1589245,19.25
AR,b,1985,62,0.01637,0.01624,0.5,81314,1320,80654,1507314,18.54
AR,b,1985,63,0.01676,0.01662,0.5,79994,1330,79329,1426660,17.83
AR,b,1985,64,0.01946,0.01928,0.5,78664,1516,77906,1347331,17.13
AR,b,1985,65,0.02234,0.02210,0.5,77148,1705,76295,1269425,16.45
AR,b,1985,66,0.02256,0.02231,0.5,75443,1683,74602,1193129,15.81
AR,b,1985,67,0.02269,0.02243,0.5,73760,1655,72933,1118528,15.16
AR,b,1985,68,0.02413,0.02384,0.5,72106,1719,71246,1045595,14.50
AR,b,1985,69,0.02621,0.02587,0.5,70386,1821,69476,974349,13.84
AR,b,1985,70,0.03079,0.03032,0.5,68565,2079,67525,904873,13.20
AR,b,1985,71,0.03212,0.03161,0.5,66486,2101,65435,837348,12.59
AR,b,1985,72,0.03898,0.03823,0.5,64384,2462,63154,771913,11.99
AR,b,1985,73,0.04095,0.04013,0.5,61923,2485,60680,708759,11.45
AR,b,1985,74,0.04383,0.04289,0.5,59438,2549,58163,648079,10.90
AR,b,1985,75,0.04441,0.04345,0.5,56889,2472,55653,589916,10.37
AR,b,1985,76,0.05126,0.04998,0.5,54417,2720,53057,534263,9.82
AR,b,1985,77,0.05705,0.05547,0.5,51697,2868,50264,481206,9.31
AR,b,1985,78,0.05986,0.05813,0.5,48830,2838,47411,430942,8.83
AR,b,1985,79,0.06346,0.06151,0.5,45992,2829,44577,383531,8.34
AR,b,1985,80,0.07001,0.06765,0.5,43162,2920,41703,338954,7.85
AR,b,1985,81,0.08307,0.07976,0.5,40243,3210,38638,297252,7.39
AR,b,1985,82,0.08964,0.08580,0.5,37033,3177,35444,258614,6.98
AR,b,1985,83,0.10069,0.09586,0.5,33856,3246,32233,223170,6.59
AR,b,1985,84,0.10522,0.09996,0.5,30610,3060,29080,190937,6.24
AR,b,1985,85,0.12096,0.11406,0.5,27550,3142,25979,161857,5.87
AR,b,1985,86,0.12145,0.11450,0.5,24408,2795,23011,135878,5.57
AR,b,1985,87,0.13426,0.12581,0.5,21613,2719,20254,112867,5.22
AR,b,1985,88,0.14955,0.13915,0.5,18894,2629,17579,92614,4.90
AR,b,1985,89,0.16726,0.15435,0.5,16265,2510,15010,75034,4.61
AR,b,1985,90,0.17159,0.15803,0.5,13755,2174,12668,60024,4.36
AR,b,1985,91,0.18993,0.17346,0.5,11581,2009,10576,47357,4.09
AR,b,1985,92,0.22295,0.20059,0.5,9572,1920,8612,36780,3.84
AR,b,1985,93,0.22012,0.19830,0.5,7652,1517,6893,28168,3.68
AR,b,1985,94,0.23768,0.21243,0.5,6135,1303,5483,21275,3.47
AR,b,1985,95,0.25628,0.22717,0.5,4831,1098,4283,15792,3.27
AR,b,1985,96,0.27591,0.24246,0.5,3734,905,3281,11509,3.08
AR,b,1985,97,0.29655,0.25825,0.5,2829,730,2463,8228,2.91
AR,b,1985,98,0.31815,0.27448,0.5,2098,576,1810,5765,2.75
AR,b,1985,99,0.34066,0.29108,0.5,1522,443,1301,3955,2.60
AR,b,1985,100,0.36402,0.30797,0.5,1079,332,913,2654,2.46
AR,b,1985,101,0.38813,0.32505,0.5,747,243,625,1741,2.33
AR,b,1985,102,0.41289,0.34223,0.5,504,172,418,1116,2.21
AR,b,1985,103,0.43818,0.35943,0.5,332,119,272,698,2.11
AR,b,1985,104,0.46388,0.37654,0.5,212,80,172,426,2.01
AR,b,1985,105,0.48985,0.39348,0.5,132,52,106,254,1.92
AR,b,1985,106,0.51594,0.41014,0.5,80,33,64,147,1.83
AR,b,1985,107,0.54201,0.42644,0.5,47,20,37,83,1.76
AR,b,1985,108,0.56791,0.44232,0.5,27,12,21,46,1.70
AR,b,1985,109,0.59350,0.45768,0.5,15,7,12,25,1.65
AR,b,1985,110+,0.61864,1.00000,1.62,8,8,13,13,1.62
AR,b,1986,0,0.01046,0.01036,0.08,100000,1036,99045,7414987,74.15
AR,b,1986,1,0.00095,0.00095,0.5,98964,94,98917,7315942,73.92
AR,b,1986,2,0.00078,0.00078,0.5,98870,77,98831,7217025,73.00
AR,b,1986,3,0.00050,0.00050,0.5,98793,50,98768,7118193,72.05
AR,b,1986,4,0.00032,0.00032,0.5,98743,31,98728,7019425,71.09
AR,b,1986,5,0.00031,0.00031,0.5,98712,31,98696,6920698,70.11
AR,b,1986,6,0.00042,0.00042,0.5,98681,42,98660,6822001,69.13
AR,b,1986,7,0.00031,0.00031,0.5,98639,31,98624,6723341,68.16
AR,b,1986,8,0.00027,0.00027,0.5,98609,27,98596,6624717,67.18
AR,b,1986,9,0.00020,0.00020,0.5,98582,20,98572,6526122,66.20
AR,b,1986,10,0.00038,0.00038,0.5,98563,37,98544,6427549,65.21
AR,b,1986,11,0.00030,0.00030,0.5,98525,29,98511,6329005,64.24
AR,b,1986,12,0.00053,0.00053,0.5,98496,52,98470,6230494,63.26
AR,b,1986,13,0.00049,0.00049,0.5,98444,48,98420,6132024,62.29
AR,b,1986,14,0.00074,0.00074,0.5,98396,73,98360,6033604,61.32
AR,b,1986,15,0.00074,0.00074,0.5,98323,73,98286,5935244,60.36
AR,b,1986,16,0.00091,0.00091,0.5,98250,90,98205,5836958,59.41
AR,b,1986,17,0.00089,0.00089,0.5,98160,87,98117,5738753,58.46
AR,b,1986,18,0.00108,0.00108,0.5,98073,105,98020,5640636,57.51
AR,b,1986,19,0.00111,0.00111,0.5,97968,109,97913,5542615,56.58
AR,b,1986,20,0.00157,0.00157,0.5,97859,154,97782,5444702,55.64
AR,b,1986,21,0.00130,0.00130,0.5,97705,127,97641,5346921,54.73
AR,b,1986,22,0.00129,0.00129,0.5,97578,126,97515,5249279,53.80
AR,b,1986,23,0.00113,0.00113,0.5,97453,110,97398,5151764,52.86
AR,b,1986,24,0.00152,0.00152,0.5,97342,148,97269,5054366,51.92
AR,b,1986,25,0.00121,0.00121,0.5,97195,118,97136,4957098,51.00
AR,b,1986,26,0.00156,0.00156,0.5,97077,151,97002,4859962,50.06
AR,b,1986,27,0.00111,0.00111,0.5,96926,108,96872,4762960,49.14
AR,b,1986,28,0.00121,0.00120,0.5,96818,117,96760,4666088,48.19
AR,b,1986,29,0.00131,0.00131,0.5,96702,127,96638,4569328,47.25
AR,b,1986,30,0.00127,0.00127,0.5,96575,123,96513,4472690,46.31
AR,b,1986,31,0.00132,0.00132,0.5,96452,127,96388,4376176,45.37
AR,b,1986,32,0.00155,0.00155,0.5,96324,149,96250,4279788,44.43
AR,b,1986,33,0.00167,0.00167,0.5,96175,161,96095,4183538,43.50
AR,b,1986,34,0.00156,0.00156,0.5,96014,150,95940,4087444,42.57
AR,b,1986,35,0.00193,0.00193,0.5,95865,185,95772,3991504,41.64
AR,b,1986,36,0.00182,0.00181,0.5,95679,174,95592,3895732,40.72
AR,b,1986,37,0.00174,0.00173,0.5,95506,166,95423,3800140,39.79
AR,b,1986,38,0.00236,0.00236,0.5,95340,225,95228,3704717,38.86
AR,b,1986,39,0.00215,0.00215,0.5,95115,205,95013,3609490,37.95
AR,b,1986,40,0.00270,0.00269,0.5,94910,255,94783,3514477,37.03
AR,b,1986,41,0.00259,0.00259,0.5,94655,245,94532,3419694,36.13
AR,b,1986,42,0.00247,0.00247,0.5,94410,233,94293,3325162,35.22
AR,b,1986,43,0.00324,0.00323,0.5,94176,304,94024,3230869,34.31
AR,b,1986,44,0.00270,0.00270,0.5,93872,253,93746,3136844,33.42
AR,b,1986,45,0.00427,0.00426,0.5,93619,399,93420,3043099,32.51
AR,b,1986,46,0.00331,0.00330,0.5,93220,308,93066,2949679,31.64
AR,b,1986,47,0.00415,0.00414,0.5,92912,384,92720,2856613,30.75
AR,b,1986,48,0.00453,0.00452,0.5,92528,418,92319,2763893,29.87
AR,b,1986,49,0.00524,0.00523,0.5,92110,482,91869,2671574,29.00
AR,b,1986,50,0.00578,0.00576,0.5,91628,528,91364,2579705,28.15
AR,b,1986,51,0.00623,0.00621,0.5,91100,566,90817,2488341,27.31
AR,b,1986,52,0.00649,0.00647,0.5,90534,586,90242,2397523,26.48
AR,b,1986,53,0.00743,0.00740,0.5,89949,666,89616,2307282,25.65
AR,b,1986,54,0.00749,0.00746,0.5,89283,666,88950,2217666,24.84
AR,b,1986,55,0.00863,0.00860,0.5,88617,762,88236,2128716,24.02
AR,b,1986,56,0.00975,0.00970,0.5,87855,852,87429,2040481,23.23
AR,b,1986,57,0.00960,0.00955,0.5,87003,831,86587,1953052,22.45
AR,b,1986,58,0.01133,0.01126,0.5,86171,970,85686,1866465,21.66
AR,b,1986,59,0.01332,0.01323,0.5,85201,1127,84637,1780779,20.90
AR,b,1986,60,0.01340,0.01331,0.5,84074,1119,83514,1696141,20.17
AR,b,1986,61,0.01511,0.01500,0.5,82955,1244,82333,1612627,19.44
AR,b,1986,62,0.01668,0.01654,0.5,81711,1352,81035,1530294,18.73
AR,b,1986,63,0.01608,0.01596,0.5,80359,1282,79718,1449259,18.03
AR,b,1986,64,0.01771,0.01756,0.5,79077,1388,78383,1369541,17.32
AR,b,1986,65,0.02051,0.02030,0.5,77689,1577,76900,1291158,16.62
AR,b,1986,66,0.02257,0.02232,0.5,76112,1699,75262,1214258,15.95
AR,b,1986,67,0.02152,0.02129,0.5,74413,1585,73621,1138996,15.31
AR,b,1986,68,0.02513,0.02482,0.5,72828,1807,71925,1065375,14.63
AR,b,1986,69,0.02765,0.02727,0.5,71021,1937,70052,993450,13.99
AR,b,1986,70,0.02891,0.02850,0.5,69084,1969,68100,923398,13.37
AR,b,1986,71,0.03384,0.03328,0.5,67115,2234,65998,855298,12.74
AR,b,1986,72,0.03687,0.03620,0.5,64882,2349,63707,789300,12.17
AR,b,1986,73,0.04034,0.03955,0.5,62533,2473,61297,725593,11.60
AR,b,1986,74,0.04277,0.04187,0.5,60060,2515,58803,664296,11.06
AR,b,1986,75,0.04541,0.04440,0.5,57545,2555,56268,605493,10.52
AR,b,1986,76,0.05247,0.05113,0.5,54990,2811,53585,549226,9.99
AR,b,1986,77,0.05104,0.04977,0.5,52179,2597,50880,495641,9.50
AR,b,1986,78,0.05648,0.05493,0.5,49582,2723,48220,444761,8.97
AR,b,1986,79,0.06364,0.06167,0.5,46858,2890,45413,396540,8.46
AR,b,1986,80,0.07011,0.06773,0.5,43969,2978,42479,351127,7.99
AR,b,1986,81,0.08582,0.08229,0.5,40990,3373,39304,308648,7.53
AR,b,1986,82,0.09044,0.08653,0.5,37617,3255,35990,269344,7.16
AR,b,1986,83,0.09390,0.08969,0.5,34362,3082,32821,233354,6.79
AR,b,1986,84,0.09814,0.09355,0.5,31280,2926,29817,200533,6.41
AR,b,1986,85,0.10373,0.09861,0.5,28354,2796,26956,170716,6.02
AR,b,1986,86,0.12248,0.11541,0.5,25558,2950,24083,143760,5.62
AR,b,1986,87,0.12846,0.12071,0.5,22608,2729,21244,119677,5.29
AR,b,1986,88,0.14673,0.13670,0.5,19879,2717,18520,98433,4.95
AR,b,1986,89,0.15696,0.14554,0.5,17162,2498,15913,79913,4.66
AR,b,1986,90,0.18538,0.16965,0.5,14664,2488,13420,64000,4.36
AR,b,1986,91,0.19067,0.17408,0.5,12176,2120,11116,50580,4.15
AR,b,1986,92,0.21073,0.19064,0.5,10057,1917,9098,39463,3.92
AR,b,1986,93,0.21706,0.19581,0.5,8139,1594,7342,30365,3.73
AR,b,1986,94,0.23421,0.20966,0.5,6546,1372,5859,23023,3.52
AR,b,1986,95,0.25234,0.22407,0.5,5173,1159,4594,17163,3.32
AR,b,1986,96,0.27142,0.23899,0.5,4014,959,3534,12570,3.13
AR,b,1986,97,0.29144,0.25437,0.5,3055,777,2666,9035,2.96
AR,b,1986,98,0.31236,0.27017,0.5,2278,615,1970,6369,2.80
AR,b,1986,99,0.33414,0.28631,0.5,1662,476,1424,4399,2.65
AR,b,1986,100,0.35671,0.30272,0.5,1186,359,1007,2974,2.51
AR,b,1986,101,0.38000,0.31933,0.5,827,264,695,1968,2.38
AR,b,1986,102,0.40391,0.33605,0.5,563,189,468,1272,2.26
AR,b,1986,103,0.42836,0.35279,0.5,374,132,308,804,2.15
AR,b,1986,104,0.45321,0.36948,0.5,242,89,197,496,2.05
AR,b,1986,105,0.47836,0.38603,0.5,153,59,123,299,1.96
AR,b,1986,106,0.50368,0.40235,0.5,94,38,75,176,1.88
AR,b,1986,107,0.52903,0.41837,0.5,56,23,44,101,1.80
AR,b,1986,108,0.55429,0.43401,0.5,33,14,25,57,1.74
AR,b,1986,109,0.57932,0.44920,0.5,18,8,14,31,1.69
AR,b,1986,110+,0.60399,1.00000,1.66,10,10,17,17,1.66
AR,b,1987,0,0.01059,0.01049,0.08,100000,1049,99032,7406353,74.06
AR,b,1987,1,0.00069,0.00069,0.5,98951,68,98917,7307320,73.85
AR,b,1987,2,0.00078,0.00078,0.5,98883,77,98844,7208403,72.90
AR,b,1987,3,0.00039,0.00039,0.5,98806,38,98787,7109559,71.95
AR,b,1987,4,0.00044,0.00044,0.5,98768,43,98746,7010772,70.98
AR,b,1987,5,0.00046,0.00046,0.5,98724,46,98702,6912026,70.01
AR,b,1987,6,0.00048,0.00048,0.5,98679,47,98655,6813325,69.05
AR,b,1987,7,0.00025,0.00025,0.5,98631,25,98619,6714669,68.08
AR,b,1987,8,0.00035,0.00035,0.5,98607,35,98589,6616050,67.10
AR,b,1987,9,0.00020,0.00020,0.5,98572,19,98562,6517461,66.12
AR,b,1987,10,0.00032,0.00032,0.5,98553,31,98537,6418899,65.13
AR,b,1987,11,0.00030,0.00030,0.5,98521,29,98507,6320362,64.15
AR,b,1987,12,0.00029,0.00029,0.5,98492,29,98478,6221855,63.17
AR,b,1987,13,0.00023,0.00023,0.5,98463,23,98452,6123377,62.19
AR,b,1987,14,0.00057,0.00057,0.5,98441,56,98412,6024925,61.20
AR,b,1987,15,0.00071,0.00071,0.5,98384,70,98349,5926513,60.24
AR,b,1987,16,0.00125,0.00125,0.5,98314,122,98253,5828163,59.28
AR,b,1987,17,0.00120,0.00120,0.5,98192,118,98133,5729910,58.35
AR,b,1987,18,0.00177,0.00177,0.5,98074,173,97987,5631778,57.42
AR,b,1987,19,0.00102,0.00102,0.5,97900,100,97851,5533791,56.52
AR,b,1987,20,0.00129,0.00129,0.5,97801,126,97738,5435940,55.58
AR,b,1987,21,0.00103,0.00103,0.5,97675,101,97624,5338203,54.65
AR,b,1987,22,0.00139,0.00139,0.5,97574,135,97506,5240578,53.71
AR,b,1987,23,0.00082,0.00082,0.5,97439,80,97399,5143072,52.78
AR,b,1987,24,0.00127,0.00127,0.5,97359,124,97297,5045673,51.83
AR,b,1987,25,0.00135,0.00135,0.5,97235,131,97170,4948376,50.89
AR,b,1987,26,0.00126,0.00126,0.5,97104,122,97043,4851207,49.96
AR,b,1987,27,0.00122,0.00122,0.5,96982,118,96923,4754164,49.02
AR,b,1987,28,0.00170,0.00170,0.5,96863,164,96781,4657241,48.08
AR,b,1987,29,0.00146,0.00146,0.5,96699,142,96628,4560460,47.16
AR,b,1987,30,0.00131,0.00131,0.5,96558,127,96494,4463831,46.23
AR,b,1987,31,0.00154,0.00154,0.5,96431,148,96357,4367337,45.29
AR,b,1987,32,0.00133,0.00133,0.5,96283,128,96219,4270980,44.36
AR,b,1987,33,0.00169,0.00169,0.5,96154,163,96073,4174762,43.42
AR,b,1987,34,0.00124,0.00124,0.5,95992,119,95932,4078689,42.49
AR,b,1987,35,0.00160,0.00160,0.5,95873,154,95796,3982756,41.54
AR,b,1987,36,0.00201,0.00201,0.5,95719,193,95623,3886961,40.61
AR,b,1987,37,0.00171,0.00171,0.5,95526,163,95445,3791338,39.69
AR,b,1987,38,0.00213,0.00213,0.5,95363,203,95261,3695894,38.76
AR,b,1987,39,0.00251,0.00251,0.5,95160,238,95041,3600632,37.84
AR,b,1987,40,0.00257,0.00257,0.5,94922,244,94800,3505591,36.93
AR,b,1987,41,0.00209,0.00209,0.5,94677,198,94579,3410792,36.03
AR,b,1987,42,0.00261,0.00261,0.5,94480,246,94356,3316213,35.10
AR,b,1987,43,0.00287,0.00287,0.5,94233,271,94098,3221857,34.19
AR,b,1987,44,0.00361,0.00360,0.5,93963,338,93793,3127759,33.29
AR,b,1987,45,0.00442,0.00441,0.5,93624,413,93418,3033966,32.41
AR,b,1987,46,0.00336,0.00336,0.5,93211,313,93055,2940548,31.55
AR,b,1987,47,0.00456,0.00455,0.5,92898,422,92687,2847493,30.65
AR,b,1987,48,0.00408,0.00407,0.5,92476,376,92288,2754806,29.79
AR,b,1987,49,0.00411,0.00410,0.5,92100,378,91911,2662518,28.91
AR,b,1987,50,0.00564,0.00562,0.5,91722,516,91465,2570606,28.03
AR,b,1987,51,0.00606,0.00604,0.5,91207,551,90931,2479142,27.18
AR,b,1987,52,0.00720,0.00717,0.5,90656,650,90331,2388211,26.34
AR,b,1987,53,0.00833,0.00829,0.5,90005,746,89632,2297880,25.53
AR,b,1987,54,0.00758,0.00755,0.5,89259,674,88922,2208248,24.74
AR,b,1987,55,0.00815,0.00812,0.5,88585,719,88226,2119325,23.92
AR,b,1987,56,0.00999,0.00994,0.5,87866,873,87429,2031100,23.12
AR,b,1987,57,0.01001,0.00996,0.5,86993,866,86560,1943670,22.34
AR,b,1987,58,0.01201,0.01193,0.5,86126,1028,85612,1857111,21.56
AR,b,1987,59,0.01256,0.01248,0.5,85098,1062,84567,1771498,20.82
AR,b,1987,60,0.01410,0.01400,0.5,84036,1177,83448,1686931,20.07
AR,b,1987,61,0.01561,0.01549,0.5,82859,1284,82218,1603483,19.35
AR,b,1987,62,0.01641,0.01627,0.5,81576,1328,80912,1521265,18.65
AR,b,1987,63,0.01843,0.01826,0.5,80248,1466,79515,1440353,17.95
AR,b,1987,64,0.01920,0.01902,0.5,78783,1498,78033,1360838,17.27
AR,b,1987,65,0.01999,0.01979,0.5,77284,1529,76520,1282805,16.60
AR,b,1987,66,0.02284,0.02258,0.5,75755,1710,74900,1206285,15.92
AR,b,1987,67,0.02439,0.02409,0.5,74044,1784,73153,1131385,15.28
AR,b,1987,68,0.02703,0.02667,0.5,72261,1927,71297,1058233,14.64
AR,b,1987,69,0.02925,0.02883,0.5,70333,2028,69319,986936,14.03
AR,b,1987,70,0.03089,0.03042,0.5,68305,2078,67266,917617,13.43
AR,b,1987,71,0.03165,0.03116,0.5,66228,2063,65196,850350,12.84
AR,b,1987,72,0.03638,0.03573,0.5,64164,2293,63018,785154,12.24
AR,b,1987,73,0.04054,0.03974,0.5,61871,2459,60642,722137,11.67
AR,b,1987,74,0.04164,0.04079,0.5,59413,2424,58201,661495,11.13
AR,b,1987,75,0.04621,0.04517,0.5,56989,2574,55702,603294,10.59
AR,b,1987,76,0.04912,0.04794,0.5,54415,2609,53111,547591,10.06
AR,b,1987,77,0.04977,0.04856,0.5,51807,2516,50549,494481,9.54
AR,b,1987,78,0.05795,0.05632,0.5,49291,2776,47903,443932,9.01
AR,b,1987,79,0.06304,0.06111,0.5,46515,2843,45094,396029,8.51
AR,b,1987,80,0.07071,0.06829,0.5,43672,2983,42181,350935,8.04
AR,b,1987,81,0.08125,0.07807,0.5,40690,3177,39101,308755,7.59
AR,b,1987,82,0.07972,0.07666,0.5,37513,2876,36075,269653,7.19
AR,b,1987,83,0.08757,0.08389,0.5,34637,2906,33184,233578,6.74
AR,b,1987,84,0.09774,0.09318,0.5,31731,2957,30253,200394,6.32
AR,b,1987,85,0.12049,0.11364,0.5,28774,3270,27139,170142,5.91
AR,b,1987,86,0.12193,0.11493,0.5,25504,2931,24039,143002,5.61
AR,b,1987,87,0.13097,0.12292,0.5,22573,2775,21186,118963,5.27
AR,b,1987,88,0.14975,0.13932,0.5,19799,2758,18419,97777,4.94
AR,b,1987,89,0.15524,0.14406,0.5,17040,2455,15813,79358,4.66
AR,b,1987,90,0.16530,0.15268,0.5,14585,2227,13472,63545,4.36
AR,b,1987,91,0.19447,0.17723,0.5,12358,2190,11263,50073,4.05
AR,b,1987,92,0.20702,0.18760,0.5,10168,1908,9214,38810,3.82
AR,b,1987,93,0.22502,0.20227,0.5,8260,1671,7425,29596,3.58
AR,b,1987,94,0.24419,0.21762,0.5,6590,1434,5873,22171,3.36
AR,b,1987,95,0.26452,0.23362,0.5,5156,1204,4553,16298,3.16
AR,b,1987,96,0.28600,0.25022,0.5,3951,989,3457,11745,2.97
AR,b,1987,97,0.30857,0.26733,0.5,2963,792,2567,8288,2.80
AR,b,1987,98,0.33219,0.28488,0.5,2171,618,1861,5721,2.64
AR,b,1987,99,0.35678,0.30277,0.5,1552,470,1317,3860,2.49
AR,b,1987,100,0.38223,0.32090,0.5,1082,347,909,2543,2.35
AR,b,1987,101,0.40844,0.33917,0.5,735,249,610,1634,2.22
AR,b,1987,102,0.43525,0.35746,0.5,486,174,399,1024,2.11
AR,b,1987,103,0.46253,0.37566,0.5,312,117,253,625,2.00
AR,b,1987,104,0.49011,0.39364,0.5,195,77,156,371,1.91
AR,b,1987,105,0.51781,0.41132,0.5,118,49,94,215,1.82
AR,b,1987,106,0.54547,0.42858,0.5,70,30,55,121,1.74
AR,b,1987,107,0.57290,0.44533,0.5,40,18,31,66,1.67
AR,b,1987,108,0.59994,0.46150,0.5,22,10,17,36,1.61
AR,b,1987,109,0.62643,0.47702,0.5,12,6,9,19,1.56
AR,b,1987,110+,0.65223,1.00000,1.53,6,6,10,10,1.53
AR,b,1988,0,0.01114,0.01103,0.08,100000,1103,98985,7398191,73.98
AR,b,1988,1,0.00096,0.00096,0.5,98897,95,98850,7299206,73.81
AR,b,1988,2,0.00072,0.00072,0.5,98802,71,98767,7200356,72.88
AR,b,1988,3,0.00062,0.00062,0.5,98732,62,98701,7101589,71.93
AR,b,1988,4,0.00029,0.00029,0.5,98670,29,98655,7002889,70.97
AR,b,1988,5,0.00023,0.00023,0.5,98641,23,98629,6904233,69.99
AR,b,1988,6,0.00031,0.00031,0.5,98618,31,98602,6805604,69.01
AR,b,1988,7,0.00031,0.00031,0.5,98587,30,98572,6707002,68.03
AR,b,1988,8,0.00029,0.00029,0.5,98556,29,98542,6608430,67.05
AR,b,1988,9,0.00033,0.00033,0.5,98528,32,98512,6509888,66.07
AR,b,1988,10,0.00023,0.00023,0.5,98496,22,98484,6411376,65.09
AR,b,1988,11,0.00035,0.00035,0.5,98473,34,98456,6312891,64.11
AR,b,1988,12,0.00026,0.00026,0.5,98439,26,98426,6214435,63.13
AR,b,1988,13,0.00029,0.00029,0.5,98413,29,98399,6116009,62.15
AR,b,1988,14,0.00049,0.00049,0.5,98384,48,98360,6017611,61.16
AR,b,1988,15,0.00063,0.00062,0.5,98336,61,98305,5919251,60.19
AR,b,1988,16,0.00085,0.00084,0.5,98274,83,98233,5820946,59.23
AR,b,1988,17,0.00143,0.00143,0.5,98191,140,98121,5722713,58.28
AR,b,1988,18,0.00132,0.00132,0.5,98051,129,97987,5624591,57.36
AR,b,1988,19,0.00118,0.00118,0.5,97922,115,97864,5526605,56.44
AR,b,1988,20,0.00126,0.00126,0.5,97807,123,97745,5428741,55.50
AR,b,1988,21,0.00109,0.00109,0.5,97684,106,97631,5330995,54.57
AR,b,1988,22,0.00124,0.00124,0.5,97578,121,97517,5233364,53.63
AR,b,1988,23,0.00146,0.00146,0.5,97457,142,97386,5135847,52.70
AR,b,1988,24,0.00121,0.00121,0.5,97315,117,97256,5038461,51.77
AR,b,1988,25,0.00132,0.00132,0.5,97198,128,97134,4941205,50.84
AR,b,1988,26,0.00140,0.00140,0.5,97070,136,97002,4844071,49.90
AR,b,1988,27,0.00136,0.00136,0.5,96933,131,96868,4747070,48.97
AR,b,1988,28,0.00127,0.00127,0.5,96802,123,96741,4650202,48.04
AR,b,1988,29,0.00131,0.00131,0.5,96679,126,96616,4553461,47.10
AR,b,1988,30,0.00145,0.00145,0.5,96553,140,96483,4456845,46.16
AR,b,1988,31,0.00138,0.00138,0.5,96413,133,96347,4360362,45.23
AR,b,1988,32,0.00144,0.00144,0.5,96280,138,96211,4264016,44.29
AR,b,1988,33,0.00198,0.00198,0.5,96142,191,96046,4167805,43.35
AR,b,1988,34,0.00139,0.00139,0.5,95951,133,95884,4071759,42.44
AR,b,1988,35,0.00213,0.00213,0.5,95818,204,95716,3975874,41.49
AR,b,1988,36,0.00201,0.00201,0.5,95614,192,95518,3880158,40.58
AR,b,1988,37,0.00200,0.00200,0.5,95422,191,95326,3784640,39.66
AR,b,1988,38,0.00228,0.00228,0.5,95231,217,95122,3689314,38.74
AR,b,1988,39,0.00265,0.00264,0.5,95014,251,94888,3594192,37.83
AR,b,1988,40,0.00267,0.00267,0.5,94762,253,94636,3499304,36.93
AR,b,1988,41,0.00293,0.00293,0.5,94509,277,94371,3404668,36.02
AR,b,1988,42,0.00257,0.00257,0.5,94233,242,94111,3310297,35.13
AR,b,1988,43,0.00296,0.00296,0.5,93990,278,93851,3216186,34.22
AR,b,1988,44,0.00404,0.00404,0.5,93713,378,93523,3122334,33.32
AR,b,1988,45,0.00346,0.00345,0.5,93334,322,93173,3028811,32.45
AR,b,1988,46,0.00409,0.00408,0.5,93012,379,92822,2935637,31.56
AR,b,1988,47,0.00350,0.00349,0.5,92633,323,92471,2842815,30.69
AR,b,1988,48,0.00444,0.00443,0.5,92309,409,92105,2750344,29.79
AR,b,1988,49,0.00502,0.00501,0.5,91900,460,91670,2658239,28.93
AR,b,1988,50,0.00604,0.00602,0.5,91440,551,91165,2566569,28.07
AR,b,1988,51,0.00565,0.00563,0.5,90890,512,90634,2475404,27.24
AR,b,1988,52,0.00639,0.00637,0.5,90378,576,90090,2384770,26.39
AR,b,1988,53,0.00818,0.00814,0.5,89802,731,89437,2294680,25.55
AR,b,1988,54,0.00775,0.00772,0.5,89071,687,88727,2205243,24.76
AR,b,1988,55,0.00907,0.00903,0.5,88383,798,87984,2116516,23.95
AR,b,1988,56,0.01131,0.01124,0.5,87585,985,87093,2028532,23.16
AR,b,1988,57,0.00964,0.00959,0.5,86600,831,86185,1941439,22.42
AR,b,1988,58,0.01103,0.01097,0.5,85770,941,85299,1855254,21.63
AR,b,1988,59,0.01132,0.01125,0.5,84829,955,84352,1769955,20.86
AR,b,1988,60,0.01516,0.01505,0.5,83874,1262,83243,1685603,20.10
AR,b,1988,61,0.01433,0.01423,0.5,82612,1176,82024,1602360,19.40
AR,b,1988,62,0.01610,0.01597,0.5,81437,1300,80786,1520335,18.67
AR,b,1988,63,0.01770,0.01754,0.5,80136,1406,79433,1439549,17.96
AR,b,1988,64,0.01975,0.01955,0.5,78730,1539,77961,1360116,17.28
AR,b,1988,65,0.02067,0.02046,0.5,77191,1579,76401,1282155,16.61
AR,b,1988,66,0.02273,0.02247,0.5,75611,1699,74762,1205754,15.95
AR,b,1988,67,0.02237,0.02212,0.5,73912,1635,73095,1130993,15.30
AR,b,1988,68,0.02397,0.02368,0.5,72277,1712,71421,1057898,14.64
AR,b,1988,69,0.02808,0.02769,0.5,70565,1954,69588,986477,13.98
AR,b,1988,70,0.02797,0.02758,0.5,68611,1892,67665,916889,13.36
AR,b,1988,71,0.03010,0.02965,0.5,66719,1978,65730,849224,12.73
AR,b,1988,72,0.03590,0.03527,0.5,64740,2283,63599,783494,12.10
AR,b,1988,73,0.03790,0.03719,0.5,62457,2323,61296,719896,11.53
AR,b,1988,74,0.04287,0.04197,0.5,60134,2524,58872,658600,10.95
AR,b,1988,75,0.04372,0.04278,0.5,57610,2465,56378,599728,10.41
AR,b,1988,76,0.04656,0.04550,0.5,55146,2509,53891,543350,9.85
AR,b,1988,77,0.05301,0.05164,0.5,52636,2718,51277,489459,9.30
AR,b,1988,78,0.06134,0.05951,0.5,49918,2971,48433,438181,8.78
AR,b,1988,79,0.06522,0.06316,0.5,46948,2965,45465,389748,8.30
AR,b,1988,80,0.07692,0.07407,0.5,43983,3258,42354,344283,7.83
AR,b,1988,81,0.07795,0.07503,0.5,40725,3055,39197,301929,7.41
AR,b,1988,82,0.08637,0.08280,0.5,37669,3119,36110,262732,6.97
AR,b,1988,83,0.09637,0.09194,0.5,34551,3177,32962,226622,6.56
AR,b,1988,84,0.10620,0.10085,0.5,31374,3164,29792,193660,6.17
AR,b,1988,85,0.11018,0.10442,0.5,28210,2946,26737,163868,5.81
AR,b,1988,86,0.12141,0.11446,0.5,25264,2892,23818,137131,5.43
AR,b,1988,87,0.13823,0.12930,0.5,22372,2893,20926,113313,5.06
AR,b,1988,88,0.14125,0.13193,0.5,19480,2570,18195,92387,4.74
AR,b,1988,89,0.18833,0.17213,0.5,16910,2911,15454,74192,4.39
AR,b,1988,90,0.17675,0.16240,0.5,13999,2273,12862,58738,4.20
AR,b,1988,91,0.21822,0.19675,0.5,11726,2307,10572,45876,3.91
AR,b,1988,92,0.21279,0.19233,0.5,9419,1811,8513,35303,3.75
AR,b,1988,93,0.23087,0.20698,0.5,7607,1575,6820,26791,3.52
AR,b,1988,94,0.25008,0.22228,0.5,6033,1341,5362,19971,3.31
AR,b,1988,95,0.27040,0.23820,0.5,4692,1118,4133,14609,3.11
AR,b,1988,96,0.29182,0.25466,0.5,3574,910,3119,10476,2.93
AR,b,1988,97,0.31428,0.27160,0.5,2664,724,2302,7357,2.76
AR,b,1988,98,0.33774,0.28894,0.5,1940,561,1660,5055,2.61
AR,b,1988,99,0.36210,0.30659,0.5,1380,423,1168,3395,2.46
AR,b,1988,100,0.38728,0.32445,0.5,957,310,802,2226,2.33
AR,b,1988,101,0.41316,0.34242,0.5,646,221,536,1425,2.20
AR,b,1988,102,0.43960,0.36039,0.5,425,153,348,889,2.09
AR,b,1988,103,0.46646,0.37824,0.5,272,103,220,541,1.99
AR,b,1988,104,0.49359,0.39589,0.5,169,67,136,321,1.90
AR,b,1988,105,0.52082,0.41321,0.5,102,42,81,185,1.81
AR,b,1988,106,0.54798,0.43013,0.5,60,26,47,104,1.73
AR,b,1988,107,0.57492,0.44655,0.5,34,15,27,57,1.67
AR,b,1988,108,0.60147,0.46241,0.5,19,9,15,30,1.61
AR,b,1988,109,0.62748,0.47763,0.5,10,5,8,16,1.56
AR,b,1988,110+,0.65281,1.00000,1.53,5,5,8,8,1.53
AR,b,1989,0,0.01075,0.01065,0.08,100000,1065,99018,7421782,74.22
AR,b,1989,1,0.00108,0.00108,0.5,98935,107,98882,7322764,74.02
AR,b,1989,2,0.00054,0.00054,0.5,98828,54,98801,7223882,73.10
AR,b,1989,3,0.00051,0.00051,0.5,98774,50,98749,7125081,72.13
AR,b,1989,4,0.00041,0.00041,0.5,98724,41,98704,7026331,71.17
AR,b,1989,5,0.00053,0.00053,0.5,98684,52,98657,6927627,70.20
AR,b,1989,6,0.00038,0.00038,0.5,98631,37,98613,6828970,69.24
AR,b,1989,7,0.00025,0.00025,0.5,98594,25,98582,6730357,68.26
AR,b,1989,8,0.00035,0.00035,0.5,98569,35,98552,6631775,67.28
AR,b,1989,9,0.00030,0.00030,0.5,98535,29,98520,6533224,66.30
AR,b,1989,10,0.00044,0.00044,0.5,98505,44,98483,6434704,65.32
AR,b,1989,11,0.00032,0.00032,0.5,98462,31,98446,6336220,64.35
AR,b,1989,12,0.00038,0.00038,0.5,98430,37,98412,6237774,63.37
AR,b,1989,13,0.00044,0.00044,0.5,98393,43,98372,6139362,62.40
AR,b,1989,14,0.00069,0.00069,0.5,98350,68,98316,6040991,61.42
AR,b,1989,15,0.00069,0.00069,0.5,98282,68,98248,5942674,60.47
AR,b,1989,16,0.00142,0.00142,0.5,98214,139,98145,5844426,59.51
AR,b,1989,17,0.00129,0.00129,0.5,98075,126,98012,5746281,58.59
AR,b,1989,18,0.00117,0.00117,0.5,97949,115,97892,5648269,57.67
AR,b,1989,19,0.00118,0.00118,0.5,97834,115,97777,5550378,56.73
AR,b,1989,20,0.00113,0.00113,0.5,97719,110,97664,5452601,55.80
AR,b,1989,21,0.00126,0.00126,0.5,97609,123,97547,5354937,54.86
AR,b,1989,22,0.00143,0.00143,0.5,97486,140,97416,5257390,53.93
AR,b,1989,23,0.00127,0.00127,0.5,97346,124,97284,5159974,53.01
AR,b,1989,24,0.00143,0.00143,0.5,97222,139,97153,5062690,52.07
AR,b,1989,25,0.00128,0.00128,0.5,97084,124,97022,4965537,51.15
AR,b,1989,26,0.00156,0.00156,0.5,96960,152,96884,4868515,50.21
AR,b,1989,27,0.00150,0.00150,0.5,96808,145,96736,4771631,49.29
AR,b,1989,28,0.00141,0.00141,0.5,96663,137,96595,4674895,48.36
AR,b,1989,29,0.00120,0.00120,0.5,96526,116,96468,4578300,47.43
AR,b,1989,30,0.00142,0.00142,0.5,96410,137,96342,4481832,46.49
AR,b,1989,31,0.00138,0.00137,0.5,96274,132,96208,4385490,45.55
AR,b,1989,32,0.00181,0.00181,0.5,96141,174,96054,4289282,44.61
AR,b,1989,33,0.00213,0.00213,0.5,95967,204,95865,4193228,43.69
AR,b,1989,34,0.00171,0.00171,0.5,95763,164,95681,4097362,42.79
AR,b,1989,35,0.00197,0.00196,0.5,95600,188,95506,4001681,41.86
AR,b,1989,36,0.00185,0.00185,0.5,95412,177,95323,3906175,40.94
AR,b,1989,37,0.00143,0.00143,0.5,95235,136,95167,3810852,40.02
AR,b,1989,38,0.00207,0.00207,0.5,95099,197,95000,3715685,39.07
AR,b,1989,39,0.00207,0.00207,0.5,94902,196,94803,3620685,38.15
AR,b,1989,40,0.00221,0.00221,0.5,94705,209,94601,3525881,37.23
AR,b,1989,41,0.00223,0.00223,0.5,94496,210,94391,3431281,36.31
AR,b,1989,42,0.00248,0.00247,0.5,94286,233,94169,3336890,35.39
AR,b,1989,43,0.00290,0.00289,0.5,94052,272,93916,3242721,34.48
AR,b,1989,44,0.00268,0.00268,0.5,93780,251,93655,3148804,33.58
AR,b,1989,45,0.00411,0.00410,0.5,93529,383,93337,3055150,32.67
AR,b,1989,46,0.00344,0.00343,0.5,93146,320,92986,2961812,31.80
AR,b,1989,47,0.00432,0.00431,0.5,92826,400,92626,2868827,30.91
AR,b,1989,48,0.00401,0.00400,0.5,92426,370,92241,2776201,30.04
AR,b,1989,49,0.00519,0.00517,0.5,92056,476,91817,2683960,29.16
AR,b,1989,50,0.00470,0.00469,0.5,91579,429,91365,2592143,28.30
AR,b,1989,51,0.00623,0.00621,0.5,91150,566,90867,2500778,27.44
AR,b,1989,52,0.00583,0.00582,0.5,90584,527,90321,2409911,26.60
AR,b,1989,53,0.00729,0.00726,0.5,90057,654,89731,2319590,25.76
AR,b,1989,54,0.00848,0.00844,0.5,89404,755,89026,2229859,24.94
AR,b,1989,55,0.00874,0.00870,0.5,88649,771,88263,2140833,24.15
AR,b,1989,56,0.00947,0.00942,0.5,87877,828,87463,2052570,23.36
AR,b,1989,57,0.01127,0.01121,0.5,87049,976,86562,1965107,22.57
AR,b,1989,58,0.01202,0.01195,0.5,86074,1028,85560,1878545,21.82
AR,b,1989,59,0.01222,0.01214,0.5,85045,1033,84529,1792986,21.08
AR,b,1989,60,0.01277,0.01269,0.5,84013,1066,83480,1708457,20.34
AR,b,1989,61,0.01593,0.01580,0.5,82946,1311,82291,1624977,19.59
AR,b,1989,62,0.01563,0.01551,0.5,81636,1266,81003,1542686,18.90
AR,b,1989,63,0.01674,0.01660,0.5,80370,1334,79703,1461683,18.19
AR,b,1989,64,0.01862,0.01845,0.5,79036,1458,78306,1381980,17.49
AR,b,1989,65,0.01832,0.01815,0.5,77577,1408,76873,1303674,16.80
AR,b,1989,66,0.02324,0.02297,0.5,76169,1750,75294,1226801,16.11
AR,b,1989,67,0.02308,0.02281,0.5,74420,1698,73571,1151506,15.47
AR,b,1989,68,0.02496,0.02465,0.5,72722,1793,71826,1077935,14.82
AR,b,1989,69,0.02578,0.02545,0.5,70929,1805,70027,1006110,14.18
AR,b,1989,70,0.02847,0.02807,0.5,69124,1940,68154,936083,13.54
AR,b,1989,71,0.03048,0.03002,0.5,67184,2017,66176,867929,12.92
AR,b,1989,72,0.03384,0.03327,0.5,65167,2168,64083,801754,12.30
AR,b,1989,73,0.03898,0.03824,0.5,62999,2409,61794,737671,11.71
AR,b,1989,74,0.04182,0.04096,0.5,60590,2482,59349,675876,11.15
AR,b,1989,75,0.04552,0.04451,0.5,58108,2586,56815,616527,10.61
AR,b,1989,76,0.05064,0.04939,0.5,55522,2742,54151,559712,10.08
AR,b,1989,77,0.05155,0.05025,0.5,52780,2652,51454,505562,9.58
AR,b,1989,78,0.05531,0.05382,0.5,50127,2698,48779,454108,9.06
AR,b,1989,79,0.06071,0.05892,0.5,47430,2795,46032,405329,8.55
AR,b,1989,80,0.07357,0.07096,0.5,44635,3167,43051,359297,8.05
AR,b,1989,81,0.07598,0.07320,0.5,41468,3035,39950,316246,7.63
AR,b,1989,82,0.08419,0.08079,0.5,38432,3105,36880,276296,7.19
AR,b,1989,83,0.09451,0.09024,0.5,35328,3188,33734,239416,6.78
AR,b,1989,84,0.10169,0.09677,0.5,32140,3110,30584,205682,6.40
AR,b,1989,85,0.11257,0.10657,0.5,29029,3094,27483,175098,6.03
AR,b,1989,86,0.10970,0.10399,0.5,25936,2697,24587,147615,5.69
AR,b,1989,87,0.13713,0.12833,0.5,23239,2982,21747,123028,5.29
AR,b,1989,88,0.14982,0.13938,0.5,20256,2823,18845,101280,5.00
AR,b,1989,89,0.15795,0.14639,0.5,17433,2552,16157,82436,4.73
AR,b,1989,90,0.17217,0.15853,0.5,14881,2359,13702,66279,4.45
AR,b,1989,91,0.16580,0.15311,0.5,12522,1917,11563,52577,4.20
AR,b,1989,92,0.20463,0.18564,0.5,10605,1969,9620,41014,3.87
AR,b,1989,93,0.22200,0.19982,0.5,8636,1726,7773,31393,3.64
AR,b,1989,94,0.24047,0.21466,0.5,6910,1483,6169,23620,3.42
AR,b,1989,95,0.26003,0.23012,0.5,5427,1249,4803,17451,3.22
AR,b,1989,96,0.28068,0.24614,0.5,4178,1028,3664,12648,3.03
AR,b,1989,97,0.30238,0.26267,0.5,3150,827,2736,8984,2.85
AR,b,1989,98,0.32507,0.27962,0.5,2322,649,1998,6248,2.69
AR,b,1989,99,0.34870,0.29693,0.5,1673,497,1425,4251,2.54
AR,b,1989,100,0.37317,0.31449,0.5,1176,370,991,2826,2.40
AR,b,1989,101,0.39839,0.33222,0.5,806,268,672,1835,2.28
AR,b,1989,102,0.42424,0.35000,0.5,538,188,444,1162,2.16
AR,b,1989,103,0.45058,0.36773,0.5,350,129,286,718,2.05
AR,b,1989,104,0.47726,0.38531,0.5,221,85,179,432,1.95
AR,b,1989,105,0.50414,0.40265,0.5,136,55,109,254,1.86
AR,b,1989,106,0.53106,0.41963,0.5,81,34,64,145,1.78
AR,b,1989,107,0.55785,0.43619,0.5,47,21,37,81,1.71
AR,b,1989,108,0.58436,0.45223,0.5,27,12,21,44,1.65
AR,b,1989,109,0.61044,0.46769,0.5,15,7,11,23,1.60
AR,b,1989,110+,0.63594,1.00000,1.57,8,8,12,12,1.57
AR,b,1990,0,0.00984,0.00975,0.08,100000,975,99099,7434541,74.35
AR,b,1990,1,0.00098,0.00098,0.5,99025,97,98976,7335442,74.08
AR,b,1990,2,0.00054,0.00054,0.5,98928,54,98901,7236466,73.15
AR,b,1990,3,0.00052,0.00051,0.5,98874,51,98849,7137565,72.19
AR,b,1990,4,0.00036,0.00036,0.5,98823,35,98806,7038716,71.23
AR,b,1990,5,0.00024,0.00024,0.5,98788,23,98776,6939910,70.25
AR,b,1990,6,0.00047,0.00047,0.5,98765,46,98742,6841134,69.27
AR,b,1990,7,0.00026,0.00026,0.5,98718,26,98706,6742392,68.30
AR,b,1990,8,0.00024,0.00024,0.5,98693,23,98681,6643687,67.32
AR,b,1990,9,0.00030,0.00030,0.5,98669,30,98655,6545006,66.33
AR,b,1990,10,0.00027,0.00027,0.5,98640,27,98627,6446351,65.35
AR,b,1990,11,0.00020,0.00020,0.5,98613,20,98603,6347724,64.37
AR,b,1990,12,0.00032,0.00032,0.5,98594,31,98578,6249121,63.38
AR,b,1990,13,0.00023,0.00023,0.5,98562,23,98551,6150543,62.40
AR,b,1990,14,0.00046,0.00046,0.5,98540,46,98517,6051992,61.42
AR,b,1990,15,0.00098,0.00098,0.5,98494,96,98446,5953475,60.44
AR,b,1990,16,0.00083,0.00083,0.5,98398,82,98357,5855028,59.50
AR,b,1990,17,0.00122,0.00122,0.5,98316,120,98256,5756671,58.55
AR,b,1990,18,0.00120,0.00120,0.5,98196,117,98137,5658415,57.62
AR,b,1990,19,0.00132,0.00132,0.5,98079,129,98014,5560278,56.69
AR,b,1990,20,0.00123,0.00123,0.5,97949,120,97889,5462264,55.77
AR,b,1990,21,0.00118,0.00118,0.5,97829,115,97771,5364375,54.83
AR,b,1990,22,0.00117,0.00117,0.5,97714,114,97657,5266603,53.90
AR,b,1990,23,0.00128,0.00128,0.5,97600,124,97538,5168946,52.96
AR,b,1990,24,0.00168,0.00168,0.5,97476,164,97394,5071409,52.03
AR,b,1990,25,0.00178,0.00178,0.5,97312,173,97225,4974015,51.11
AR,b,1990,26,0.00158,0.00158,0.5,97138,153,97062,4876790,50.20
AR,b,1990,27,0.00130,0.00130,0.5,96985,126,96922,4779728,49.28
AR,b,1990,28,0.00173,0.00173,0.5,96859,168,96776,4682805,48.35
AR,b,1990,29,0.00136,0.00136,0.5,96692,131,96626,4586030,47.43
AR,b,1990,30,0.00130,0.00130,0.5,96560,126,96498,4489404,46.49
AR,b,1990,31,0.00187,0.00187,0.5,96435,181,96345,4392906,45.55
AR,b,1990,32,0.00130,0.00130,0.5,96254,125,96192,4296562,44.64
AR,b,1990,33,0.00202,0.00202,0.5,96129,194,96032,4200370,43.70
AR,b,1990,34,0.00151,0.00151,0.5,95935,145,95862,4104338,42.78
AR,b,1990,35,0.00218,0.00218,0.5,95790,209,95686,4008476,41.85
AR,b,1990,36,0.00196,0.00196,0.5,95582,187,95488,3912790,40.94
AR,b,1990,37,0.00207,0.00207,0.5,95395,197,95296,3817302,40.02
AR,b,1990,38,0.00253,0.00253,0.5,95197,240,95077,3722006,39.10
AR,b,1990,39,0.00170,0.00170,0.5,94957,161,94876,3626929,38.20
AR,b,1990,40,0.00201,0.00200,0.5,94796,190,94701,3532052,37.26
AR,b,1990,41,0.00274,0.00274,0.5,94606,259,94476,3437351,36.33
AR,b,1990,42,0.00279,0.00279,0.5,94347,263,94215,3342875,35.43
AR,b,1990,43,0.00342,0.00341,0.5,94083,321,93923,3248660,34.53
AR,b,1990,44,0.00313,0.00312,0.5,93762,293,93616,3154737,33.65
AR,b,1990,45,0.00397,0.00396,0.5,93469,370,93284,3061121,32.75
AR,b,1990,46,0.00385,0.00384,0.5,93099,358,92920,2967837,31.88
AR,b,1990,47,0.00457,0.00455,0.5,92741,422,92530,2874917,31.00
AR,b,1990,48,0.00441,0.00440,0.5,92319,406,92116,2782387,30.14
AR,b,1990,49,0.00492,0.00491,0.5,91913,451,91687,2690271,29.27
AR,b,1990,50,0.00514,0.00513,0.5,91462,469,91227,2598584,28.41
AR,b,1990,51,0.00581,0.00579,0.5,90993,527,90729,2507356,27.56
AR,b,1990,52,0.00688,0.00685,0.5,90466,620,90156,2416627,26.71
AR,b,1990,53,0.00599,0.00597,0.5,89846,536,89578,2326471,25.89
AR,b,1990,54,0.00772,0.00769,0.5,89310,687,88966,2236894,25.05
AR,b,1990,55,0.00966,0.00961,0.5,88623,852,88197,2147927,24.24
AR,b,1990,56,0.00968,0.00964,0.5,87771,846,87348,2059731,23.47
AR,b,1990,57,0.00963,0.00959,0.5,86925,833,86508,1972383,22.69
AR,b,1990,58,0.01116,0.01110,0.5,86092,955,85614,1885874,21.91
AR,b,1990,59,0.01370,0.01361,0.5,85136,1158,84557,1800260,21.15
AR,b,1990,60,0.01384,0.01375,0.5,83978,1154,83401,1715703,20.43
AR,b,1990,61,0.01539,0.01527,0.5,82823,1265,82191,1632303,19.71
AR,b,1990,62,0.01544,0.01533,0.5,81559,1250,80934,1550112,19.01
AR,b,1990,63,0.01820,0.01803,0.5,80309,1448,79585,1469178,18.29
AR,b,1990,64,0.01804,0.01788,0.5,78860,1410,78155,1389594,17.62
AR,b,1990,65,0.02136,0.02113,0.5,77451,1637,76632,1311438,16.93
AR,b,1990,66,0.02144,0.02121,0.5,75814,1608,75010,1234806,16.29
AR,b,1990,67,0.02428,0.02399,0.5,74206,1780,73316,1159796,15.63
AR,b,1990,68,0.02522,0.02490,0.5,72426,1804,71524,1086480,15.00
AR,b,1990,69,0.02664,0.02629,0.5,70622,1857,69694,1014956,14.37
AR,b,1990,70,0.02880,0.02839,0.5,68765,1952,67789,945262,13.75
AR,b,1990,71,0.03088,0.03041,0.5,66813,2032,65797,877473,13.13
AR,b,1990,72,0.03453,0.03394,0.5,64782,2199,63682,811676,12.53
AR,b,1990,73,0.03659,0.03593,0.5,62583,2249,61458,747993,11.95
AR,b,1990,74,0.03866,0.03792,0.5,60334,2288,59190,686535,11.38
AR,b,1990,75,0.04170,0.04085,0.5,58046,2371,56860,627345,10.81
AR,b,1990,76,0.04457,0.04360,0.5,55675,2427,54461,570484,10.25
AR,b,1990,77,0.05137,0.05009,0.5,53248,2667,51914,516023,9.69
AR,b,1990,78,0.05328,0.05190,0.5,50581,2625,49268,464109,9.18
AR,b,1990,79,0.06065,0.05886,0.5,47955,2823,46544,414841,8.65
AR,b,1990,80,0.07178,0.06929,0.5,45133,3127,43569,368297,8.16
AR,b,1990,81,0.07587,0.07310,0.5,42005,3070,40470,324728,7.73
AR,b,1990,82,0.07966,0.07661,0.5,38935,2983,37443,284258,7.30
AR,b,1990,83,0.08905,0.08525,0.5,35952,3065,34419,246814,6.87
AR,b,1990,84,0.10283,0.09781,0.5,32887,3217,31279,212395,6.46
AR,b,1990,85,0.10359,0.09849,0.5,29670,2922,28209,181116,6.10
AR,b,1990,86,0.12063,0.11377,0.5,26748,3043,25227,152907,5.72
AR,b,1990,87,0.12903,0.12121,0.5,23705,2873,22268,127680,5.39
AR,b,1990,88,0.14079,0.13153,0.5,20832,2740,19462,105412,5.06
AR,b,1990,89,0.16011,0.14824,0.5,18092,2682,16751,85950,4.75
AR,b,1990,90,0.16626,0.15350,0.5,15410,2365,14227,69199,4.49
AR,b,1990,91,0.19290,0.17593,0.5,13044,2295,11897,54972,4.21
AR,b,1990,92,0.19660,0.17900,0.5,10749,1924,9787,43075,4.01
AR,b,1990,93,0.21295,0.19246,0.5,8825,1699,7976,33288,3.77
AR,b,1990,94,0.23031,0.20653,0.5,7127,1472,6391,25312,3.55
AR,b,1990,95,0.24868,0.22118,0.5,5655,1251,5030,18921,3.35
AR,b,1990,96,0.26804,0.23636,0.5,4404,1041,3884,13892,3.15
AR,b,1990,97,0.28837,0.25203,0.5,3363,848,2939,10008,2.98
AR,b,1990,98,0.30965,0.26813,0.5,2516,675,2178,7069,2.81
AR,b,1990,99,0.33181,0.28459,0.5,1841,524,1579,4890,2.66
AR,b,1990,100,0.35479,0.30133,0.5,1317,397,1119,3311,2.51
AR,b,1990,101,0.37851,0.31827,0.5,920,293,774,2192,2.38
AR,b,1990,102,0.40288,0.33533,0.5,627,210,522,1419,2.26
AR,b,1990,103,0.42780,0.35242,0.5,417,147,343,897,2.15
AR,b,1990,104,0.45314,0.36944,0.5,270,100,220,553,2.05
AR,b,1990,105,0.47878,0.38630,0.5,170,66,137,333,1.96
AR,b,1990,106,0.50458,0.40293,0.5,104,42,83,195,1.87
AR,b,1990,107,0.53041,0.41923,0.5,62,26,49,112,1.80
AR,b,1990,108,0.55613,0.43513,0.5,36,16,28,63,1.73
AR,b,1990,109,0.58159,0.45057,0.5,20,9,16,34,1.68
AR,b,1990,110+,0.60667,1.00000,1.65,11,11,19,19,1.65
AR,b,1991,0,0.01061,0.01051,0.08,100000,1051,99031,7430500,74.30
AR,b,1991,1,0.00114,0.00114,0.5,98949,112,98893,7331469,74.09
AR,b,1991,2,0.00062,0.00062,0.5,98836,62,98806,7232576,73.18
AR,b,1991,3,0.00045,0.00045,0.5,98775,45,98753,7133771,72.22
AR,b,1991,4,0.00036,0.00036,0.5,98730,35,98713,7035018,71.25
AR,b,1991,5,0.00038,0.00038,0.5,98695,38,98676,6936306,70.28
AR,b,1991,6,0.00035,0.00035,0.5,98657,35,98640,6837630,69.31
AR,b,1991,7,0.00029,0.00029,0.5,98622,29,98608,6738990,68.33
AR,b,1991,8,0.00033,0.00033,0.5,98594,32,98578,6640382,67.35
AR,b,1991,9,0.00036,0.00036,0.5,98562,35,98544,6541804,66.37
AR,b,1991,10,0.00038,0.00038,0.5,98527,37,98508,6443260,65.40
AR,b,1991,11,0.00044,0.00044,0.5,98489,43,98468,6344752,64.42
AR,b,1991,12,0.00022,0.00022,0.5,98446,22,98435,6246284,63.45
AR,b,1991,13,0.00037,0.00037,0.5,98424,36,98406,6147849,62.46
AR,b,1991,14,0.00054,0.00054,0.5,98388,53,98361,6049443,61.49
AR,b,1991,15,0.00062,0.00062,0.5,98335,61,98304,5951082,60.52
AR,b,1991,16,0.00094,0.00094,0.5,98273,92,98227,5852778,59.56
AR,b,1991,17,0.00109,0.00109,0.5,98181,107,98128,5754550,58.61
AR,b,1991,18,0.00137,0.00136,0.5,98075,134,98008,5656423,57.67
AR,b,1991,19,0.00164,0.00163,0.5,97941,160,97861,5558415,56.75
AR,b,1991,20,0.00102,0.00102,0.5,97781,99,97731,5460554,55.84
AR,b,1991,21,0.00130,0.00130,0.5,97681,127,97618,5362823,54.90
AR,b,1991,22,0.00165,0.00165,0.5,97555,161,97474,5265205,53.97
AR,b,1991,23,0.00131,0.00131,0.5,97394,128,97330,5167731,53.06
AR,b,1991,24,0.00158,0.00158,0.5,97266,154,97189,5070401,52.13
AR,b,1991,25,0.00186,0.00186,0.5,97112,180,97022,4973212,51.21
AR,b,1991,26,0.00160,0.00160,0.5,96932,155,96855,4876190,50.31
AR,b,1991,27,0.00166,0.00166,0.5,96777,160,96697,4779335,49.38
AR,b,1991,28,0.00200,0.00200,0.5,96617,193,96520,4682638,48.47
AR,b,1991,29,0.00154,0.00153,0.5,96423,148,96349,4586118,47.56
AR,b,1991,30,0.00167,0.00167,0.5,96275,161,96195,4489769,46.63
AR,b,1991,31,0.00158,0.00158,0.5,96115,152,96039,4393574,45.71
AR,b,1991,32,0.00171,0.00171,0.5,95963,164,95881,4297535,44.78
AR,b,1991,33,0.00191,0.00190,0.5,95798,182,95707,4201654,43.86
AR,b,1991,34,0.00195,0.00195,0.5,95616,186,95523,4105947,42.94
AR,b,1991,35,0.00229,0.00229,0.5,95430,219,95320,4010424,42.02
AR,b,1991,36,0.00187,0.00187,0.5,95211,178,95122,3915104,41.12
AR,b,1991,37,0.00227,0.00227,0.5,95033,216,94925,3819983,40.20
AR,b,1991,38,0.00199,0.00199,0.5,94817,188,94723,3725058,39.29
AR,b,1991,39,0.00197,0.00196,0.5,94629,186,94536,3630335,38.36
AR,b,1991,40,0.00229,0.00229,0.5,94443,216,94335,3535799,37.44
AR,b,1991,41,0.00264,0.00263,0.5,94227,248,94103,3441464,36.52
AR,b,1991,42,0.00283,0.00282,0.5,93979,265,93846,3347361,35.62
AR,b,1991,43,0.00292,0.00291,0.5,93714,273,93577,3253515,34.72
AR,b,1991,44,0.00369,0.00368,0.5,93440,344,93269,3159938,33.82
AR,b,1991,45,0.00365,0.00364,0.5,93097,339,92927,3066669,32.94
AR,b,1991,46,0.00372,0.00371,0.5,92758,344,92586,2973742,32.06
AR,b,1991,47,0.00419,0.00418,0.5,92413,387,92220,2881157,31.18
AR,b,1991,48,0.00550,0.00548,0.5,92027,505,91774,2788936,30.31
AR,b,1991,49,0.00471,0.00470,0.5,91522,430,91307,2697162,29.47
AR,b,1991,50,0.00592,0.00590,0.5,91092,538,90823,2605855,28.61
AR,b,1991,51,0.00654,0.00652,0.5,90554,591,90259,2515032,27.77
AR,b,1991,52,0.00564,0.00562,0.5,89964,506,89711,2424773,26.95
AR,b,1991,53,0.00540,0.00539,0.5,89458,482,89217,2335063,26.10
AR,b,1991,54,0.00797,0.00793,0.5,88976,706,88623,2245845,25.24
AR,b,1991,55,0.00878,0.00874,0.5,88270,772,87885,2157222,24.44
AR,b,1991,56,0.00998,0.00993,0.5,87499,869,87064,2069338,23.65
AR,b,1991,57,0.00976,0.00971,0.5,86629,841,86209,1982273,22.88
AR,b,1991,58,0.01059,0.01053,0.5,85788,903,85336,1896065,22.10
AR,b,1991,59,0.01076,0.01070,0.5,84885,908,84431,1810728,21.33
AR,b,1991,60,0.01334,0.01325,0.5,83976,1113,83420,1726298,20.56
AR,b,1991,61,0.01428,0.01418,0.5,82864,1175,82276,1642877,19.83
AR,b,1991,62,0.01448,0.01438,0.5,81689,1175,81101,1560601,19.10
AR,b,1991,63,0.01777,0.01761,0.5,80514,1418,79805,1479500,18.38
AR,b,1991,64,0.01878,0.01861,0.5,79096,1472,78360,1399695,17.70
AR,b,1991,65,0.01925,0.01907,0.5,77624,1480,76884,1321334,17.02
AR,b,1991,66,0.02162,0.02139,0.5,76144,1629,75330,1244450,16.34
AR,b,1991,67,0.02281,0.02255,0.5,74515,1680,73675,1169120,15.69
AR,b,1991,68,0.02310,0.02284,0.5,72835,1663,72003,1095445,15.04
AR,b,1991,69,0.02523,0.02491,0.5,71172,1773,70285,1023442,14.38
AR,b,1991,70,0.02780,0.02742,0.5,69399,1903,68447,953156,13.73
AR,b,1991,71,0.03201,0.03150,0.5,67496,2126,66432,884709,13.11
AR,b,1991,72,0.03373,0.03317,0.5,65369,2168,64285,818277,12.52
AR,b,1991,73,0.03843,0.03770,0.5,63201,2383,62010,753992,11.93
AR,b,1991,74,0.03957,0.03880,0.5,60818,2360,59638,691983,11.38
AR,b,1991,75,0.03865,0.03792,0.5,58458,2217,57350,632344,10.82
AR,b,1991,76,0.04563,0.04461,0.5,56242,2509,54987,574994,10.22
AR,b,1991,77,0.05015,0.04892,0.5,53733,2629,52418,520007,9.68
AR,b,1991,78,0.05533,0.05384,0.5,51104,2751,49729,467589,9.15
AR,b,1991,79,0.05904,0.05735,0.5,48353,2773,46966,417860,8.64
AR,b,1991,80,0.06880,0.06651,0.5,45580,3031,44064,370894,8.14
AR,b,1991,81,0.07570,0.07294,0.5,42548,3104,40997,326830,7.68
AR,b,1991,82,0.08384,0.08047,0.5,39445,3174,37858,285833,7.25
AR,b,1991,83,0.09651,0.09206,0.5,36271,3339,34601,247975,6.84
AR,b,1991,84,0.10158,0.09667,0.5,32932,3183,31340,213374,6.48
AR,b,1991,85,0.10071,0.09589,0.5,29748,2852,28322,182034,6.12
AR,b,1991,86,0.11909,0.11240,0.5,26896,3023,25384,153712,5.72
AR,b,1991,87,0.13063,0.12262,0.5,23873,2927,22409,128328,5.38
AR,b,1991,88,0.14275,0.13324,0.5,20945,2791,19550,105919,5.06
AR,b,1991,89,0.16033,0.14843,0.5,18155,2695,16807,86369,4.76
AR,b,1991,90,0.16507,0.15249,0.5,15460,2357,14281,69562,4.50
AR,b,1991,91,0.17009,0.15676,0.5,13102,2054,12075,55281,4.22
AR,b,1991,92,0.20127,0.18286,0.5,11048,2020,10038,43205,3.91
AR,b,1991,93,0.21860,0.19706,0.5,9028,1779,8139,33167,3.67
AR,b,1991,94,0.23704,0.21192,0.5,7249,1536,6481,25029,3.45
AR,b,1991,95,0.25658,0.22741,0.5,5713,1299,5063,18548,3.25
AR,b,1991,96,0.27720,0.24346,0.5,4414,1075,3876,13484,3.06
AR,b,1991,97,0.29888,0.26002,0.5,3339,868,2905,9608,2.88
AR,b,1991,98,0.32156,0.27702,0.5,2471,684,2129,6703,2.71
AR,b,1991,99,0.34518,0.29438,0.5,1786,526,1523,4574,2.56
AR,b,1991,100,0.36966,0.31199,0.5,1261,393,1064,3051,2.42
AR,b,1991,101,0.39490,0.32978,0.5,867,286,724,1987,2.29
AR,b,1991,102,0.42077,0.34764,0.5,581,202,480,1263,2.17
AR,b,1991,103,0.44716,0.36545,0.5,379,139,310,783,2.06
AR,b,1991,104,0.47392,0.38313,0.5,241,92,195,473,1.96
AR,b,1991,105,0.50088,0.40057,0.5,148,59,119,278,1.87
AR,b,1991,106,0.52791,0.41766,0.5,89,37,70,160,1.79
AR,b,1991,107,0.55483,0.43434,0.5,52,23,41,89,1.72
AR,b,1991,108,0.58149,0.45051,0.5,29,13,23,49,1.66
AR,b,1991,109,0.60773,0.46610,0.5,16,8,12,26,1.61
AR,b,1991,110+,0.63341,1.00000,1.58,9,9,14,14,1.58
AR,b,1992,0,0.01063,0.01053,0.08,100000,1053,99029,7460109,74.60
AR,b,1992,1,0.00087,0.00087,0.5,98947,86,98904,7361080,74.39
AR,b,1992,2,0.00035,0.00035,0.5,98862,34,98844,7262175,73.46
AR,b,1992,3,0.00038,0.00038,0.5,98827,38,98808,7163331,72.48
AR,b,1992,4,0.00021,0.00021,0.5,98790,20,98779,7064522,71.51
AR,b,1992,5,0.00047,0.00047,0.5,98769,47,98746,6965743,70.53
AR,b,1992,6,0.00020,0.00020,0.5,98723,20,98713,6866997,69.56
AR,b,1992,7,0.00043,0.00043,0.5,98702,43,98681,6768285,68.57
AR,b,1992,8,0.00018,0.00018,0.5,98660,17,98651,6669604,67.60
AR,b,1992,9,0.00019,0.00019,0.5,98642,19,98633,6570952,66.61
AR,b,1992,10,0.00027,0.00027,0.5,98623,26,98610,6472320,65.63
AR,b,1992,11,0.00030,0.00030,0.5,98597,29,98582,6373710,64.64
AR,b,1992,12,0.00038,0.00038,0.5,98568,37,98549,6275127,63.66
AR,b,1992,13,0.00055,0.00055,0.5,98530,54,98503,6176578,62.69
AR,b,1992,14,0.00056,0.00056,0.5,98476,55,98449,6078075,61.72
AR,b,1992,15,0.00078,0.00077,0.5,98422,76,98383,5979626,60.76
AR,b,1992,16,0.00087,0.00087,0.5,98345,85,98303,5881243,59.80
AR,b,1992,17,0.00102,0.00102,0.5,98260,100,98210,5782940,58.85
AR,b,1992,18,0.00119,0.00119,0.5,98160,117,98102,5684730,57.91
AR,b,1992,19,0.00139,0.00139,0.5,98044,136,97975,5586628,56.98
AR,b,1992,20,0.00116,0.00116,0.5,97907,114,97850,5488653,56.06
AR,b,1992,21,0.00209,0.00209,0.5,97793,205,97691,5390802,55.12
AR,b,1992,22,0.00125,0.00125,0.5,97589,122,97528,5293111,54.24
AR,b,1992,23,0.00139,0.00139,0.5,97467,135,97399,5195583,53.31
AR,b,1992,24,0.00126,0.00126,0.5,97332,123,97270,5098184,52.38
AR,b,1992,25,0.00127,0.00127,0.5,97209,124,97147,5000914,51.44
AR,b,1992,26,0.00166,0.00166,0.5,97085,161,97005,4903766,50.51
AR,b,1992,27,0.00141,0.00141,0.5,96925,136,96857,4806761,49.59
AR,b,1992,28,0.00106,0.00106,0.5,96788,102,96737,4709905,48.66
AR,b,1992,29,0.00133,0.00133,0.5,96686,128,96622,4613167,47.71
AR,b,1992,30,0.00136,0.00136,0.5,96558,131,96492,4516545,46.78
AR,b,1992,31,0.00134,0.00134,0.5,96427,130,96362,4420053,45.84
AR,b,1992,32,0.00197,0.00197,0.5,96297,189,96202,4323691,44.90
AR,b,1992,33,0.00160,0.00160,0.5,96108,153,96031,4227489,43.99
AR,b,1992,34,0.00172,0.00172,0.5,95954,165,95872,4131457,43.06
AR,b,1992,35,0.00185,0.00185,0.5,95789,177,95701,4035586,42.13
AR,b,1992,36,0.00244,0.00244,0.5,95612,233,95495,3939885,41.21
AR,b,1992,37,0.00215,0.00215,0.5,95379,205,95276,3844390,40.31
AR,b,1992,38,0.00213,0.00213,0.5,95174,202,95073,3749114,39.39
AR,b,1992,39,0.00196,0.00196,0.5,94972,186,94879,3654041,38.48
AR,b,1992,40,0.00265,0.00265,0.5,94786,251,94660,3559162,37.55
AR,b,1992,41,0.00270,0.00269,0.5,94534,255,94407,3464502,36.65
AR,b,1992,42,0.00263,0.00262,0.5,94280,247,94156,3370095,35.75
AR,b,1992,43,0.00325,0.00325,0.5,94033,305,93880,3275939,34.84
AR,b,1992,44,0.00327,0.00326,0.5,93727,306,93574,3182059,33.95
AR,b,1992,45,0.00357,0.00356,0.5,93421,332,93255,3088485,33.06
AR,b,1992,46,0.00411,0.00410,0.5,93089,382,92898,2995229,32.18
AR,b,1992,47,0.00421,0.00421,0.5,92707,390,92512,2902331,31.31
AR,b,1992,48,0.00418,0.00418,0.5,92317,385,92125,2809819,30.44
AR,b,1992,49,0.00442,0.00441,0.5,91932,405,91729,2717695,29.56
AR,b,1992,50,0.00561,0.00559,0.5,91526,512,91270,2625966,28.69
AR,b,1992,51,0.00626,0.00624,0.5,91015,568,90731,2534695,27.85
AR,b,1992,52,0.00612,0.00610,0.5,90447,552,90171,2443964,27.02
AR,b,1992,53,0.00624,0.00622,0.5,89895,559,89615,2353794,26.18
AR,b,1992,54,0.00768,0.00765,0.5,89336,683,88994,2264179,25.34
AR,b,1992,55,0.00806,0.00802,0.5,88653,711,88297,2175184,24.54
AR,b,1992,56,0.00922,0.00917,0.5,87941,807,87538,2086887,23.73
AR,b,1992,57,0.00987,0.00982,0.5,87135,856,86707,1999349,22.95
AR,b,1992,58,0.01147,0.01140,0.5,86279,984,85787,1912643,22.17
AR,b,1992,59,0.01201,0.01193,0.5,85295,1018,84786,1826856,21.42
AR,b,1992,60,0.01315,0.01307,0.5,84277,1101,83726,1742070,20.67
AR,b,1992,61,0.01458,0.01448,0.5,83176,1204,82574,1658343,19.94
AR,b,1992,62,0.01505,0.01494,0.5,81972,1225,81359,1575770,19.22
AR,b,1992,63,0.01574,0.01562,0.5,80747,1261,80116,1494410,18.51
AR,b,1992,64,0.01925,0.01906,0.5,79486,1515,78728,1414294,17.79
AR,b,1992,65,0.02118,0.02096,0.5,77970,1634,77153,1335566,17.13
AR,b,1992,66,0.02232,0.02207,0.5,76336,1685,75494,1258413,16.49
AR,b,1992,67,0.02340,0.02313,0.5,74651,1727,73788,1182919,15.85
AR,b,1992,68,0.02398,0.02369,0.5,72925,1728,72061,1109131,15.21
AR,b,1992,69,0.02458,0.02428,0.5,71197,1729,70333,1037070,14.57
AR,b,1992,70,0.02941,0.02899,0.5,69468,2014,68462,966737,13.92
AR,b,1992,71,0.03133,0.03085,0.5,67455,2081,66414,898276,13.32
AR,b,1992,72,0.03458,0.03399,0.5,65374,2222,64263,831861,12.72
AR,b,1992,73,0.03700,0.03633,0.5,63152,2294,62004,767599,12.15
AR,b,1992,74,0.04008,0.03929,0.5,60857,2391,59662,705594,11.59
AR,b,1992,75,0.03883,0.03810,0.5,58466,2227,57353,645933,11.05
AR,b,1992,76,0.04329,0.04238,0.5,56239,2383,55047,588580,10.47
AR,b,1992,77,0.04658,0.04552,0.5,53856,2452,52630,533533,9.91
AR,b,1992,78,0.04871,0.04755,0.5,51404,2445,50182,480903,9.36
AR,b,1992,79,0.05404,0.05262,0.5,48960,2576,47672,430721,8.80
AR,b,1992,80,0.06648,0.06435,0.5,46384,2985,44891,383049,8.26
AR,b,1992,81,0.07253,0.06999,0.5,43399,3038,41880,338158,7.79
AR,b,1992,82,0.08588,0.08235,0.5,40361,3324,38700,296277,7.34
AR,b,1992,83,0.08783,0.08414,0.5,37038,3116,35480,257578,6.95
AR,b,1992,84,0.09549,0.09114,0.5,33922,3092,32376,222098,6.55
AR,b,1992,85,0.10189,0.09695,0.5,30830,2989,29336,189722,6.15
AR,b,1992,86,0.11305,0.10700,0.5,27841,2979,26352,160387,5.76
AR,b,1992,87,0.13081,0.12278,0.5,24862,3053,23336,134035,5.39
AR,b,1992,88,0.13803,0.12912,0.5,21809,2816,20401,110699,5.08
AR,b,1992,89,0.15284,0.14199,0.5,18993,2697,17645,90298,4.75
AR,b,1992,90,0.17437,0.16038,0.5,16297,2614,14990,72653,4.46
AR,b,1992,91,0.16650,0.15371,0.5,13683,2103,12631,57663,4.21
AR,b,1992,92,0.20057,0.18229,0.5,11580,2111,10524,45032,3.89
AR,b,1992,93,0.21869,0.19713,0.5,9469,1867,8536,34508,3.64
AR,b,1992,94,0.23805,0.21273,0.5,7602,1617,6794,25972,3.42
AR,b,1992,95,0.25864,0.22902,0.5,5985,1371,5300,19179,3.20
AR,b,1992,96,0.28045,0.24596,0.5,4614,1135,4047,13879,3.01
AR,b,1992,97,0.30345,0.26347,0.5,3479,917,3021,9832,2.83
AR,b,1992,98,0.32756,0.28146,0.5,2563,721,2202,6811,2.66
AR,b,1992,99,0.35272,0.29984,0.5,1841,552,1565,4609,2.50
AR,b,1992,100,0.37882,0.31849,0.5,1289,411,1084,3044,2.36
AR,b,1992,101,0.40573,0.33730,0.5,879,296,730,1960,2.23
AR,b,1992,102,0.43331,0.35615,0.5,582,207,479,1229,2.11
AR,b,1992,103,0.46139,0.37490,0.5,375,141,305,751,2.00
AR,b,1992,104,0.48981,0.39345,0.5,234,92,188,446,1.90
AR,b,1992,105,0.51836,0.41167,0.5,142,59,113,258,1.81
AR,b,1992,106,0.54687,0.42945,0.5,84,36,66,145,1.73
AR,b,1992,107,0.57515,0.44669,0.5,48,21,37,79,1.66
AR,b,1992,108,0.60300,0.46331,0.5,26,12,20,42,1.60
AR,b,1992,109,0.63025,0.47923,0.5,14,7,11,22,1.55
AR,b,1992,110+,0.65675,1.00000,1.52,7,7,11,11,1.52
AR,b,1993,0,0.01006,0.00997,0.08,100000,997,99079,7417431,74.17
AR,b,1993,1,0.00070,0.00070,0.5,99003,69,98968,7318351,73.92
AR,b,1993,2,0.00057,0.00057,0.5,98934,57,98905,7219383,72.97
AR,b,1993,3,0.00051,0.00051,0.5,98877,51,98852,7120478,72.01
AR,b,1993,4,0.00034,0.00034,0.5,98826,34,98809,7021626,71.05
AR,b,1993,5,0.00018,0.00018,0.5,98792,17,98784,6922816,70.07
AR,b,1993,6,0.00020,0.00020,0.5,98775,20,98765,6824033,69.09
AR,b,1993,7,0.00043,0.00043,0.5,98755,42,98734,6725268,68.10
AR,b,1993,8,0.00058,0.00058,0.5,98713,58,98684,6626534,67.13
AR,b,1993,9,0.00025,0.00025,0.5,98655,24,98643,6527850,66.17
AR,b,1993,10,0.00027,0.00027,0.5,98631,27,98617,6429207,65.18
AR,b,1993,11,0.00027,0.00027,0.5,98604,27,98591,6330590,64.20
AR,b,1993,12,0.00021,0.00021,0.5,98578,21,98567,6231999,63.22
AR,b,1993,13,0.00042,0.00042,0.5,98557,42,98536,6133432,62.23
AR,b,1993,14,0.00065,0.00065,0.5,98515,64,98483,6034896,61.26
AR,b,1993,15,0.00076,0.00076,0.5,98451,75,98414,5936413,60.30
AR,b,1993,16,0.00128,0.00128,0.5,98377,126,98314,5837999,59.34
AR,b,1993,17,0.00103,0.00103,0.5,98251,101,98200,5739685,58.42
AR,b,1993,18,0.00123,0.00122,0.5,98150,120,98090,5641485,57.48
AR,b,1993,19,0.00114,0.00114,0.5,98029,112,97973,5543396,56.55
AR,b,1993,20,0.00134,0.00134,0.5,97918,131,97852,5445422,55.61
AR,b,1993,21,0.00147,0.00147,0.5,97786,144,97714,5347570,54.69
AR,b,1993,22,0.00141,0.00141,0.5,97642,137,97574,5249856,53.77
AR,b,1993,23,0.00153,0.00152,0.5,97505,149,97431,5152283,52.84
AR,b,1993,24,0.00127,0.00127,0.5,97356,124,97294,5054852,51.92
AR,b,1993,25,0.00145,0.00145,0.5,97232,141,97162,4957558,50.99
AR,b,1993,26,0.00115,0.00115,0.5,97092,112,97036,4860396,50.06
AR,b,1993,27,0.00135,0.00135,0.5,96980,131,96914,4763360,49.12
AR,b,1993,28,0.00164,0.00164,0.5,96849,158,96769,4666446,48.18
AR,b,1993,29,0.00151,0.00151,0.5,96690,146,96617,4569677,47.26
AR,b,1993,30,0.00177,0.00177,0.5,96544,171,96459,4473059,46.33
AR,b,1993,31,0.00173,0.00173,0.5,96373,167,96290,4376601,45.41
AR,b,1993,32,0.00191,0.00191,0.5,96207,183,96115,4280311,44.49
AR,b,1993,33,0.00174,0.00174,0.5,96023,167,95940,4184196,43.57
AR,b,1993,34,0.00203,0.00203,0.5,95856,194,95759,4088256,42.65
AR,b,1993,35,0.00149,0.00148,0.5,95662,142,95591,3992497,41.74
AR,b,1993,36,0.00220,0.00220,0.5,95520,210,95415,3896906,40.80
AR,b,1993,37,0.00210,0.00209,0.5,95310,200,95210,3801491,39.89
AR,b,1993,38,0.00254,0.00253,0.5,95111,241,94990,3706280,38.97
AR,b,1993,39,0.00220,0.00220,0.5,94870,208,94766,3611290,38.07
AR,b,1993,40,0.00230,0.00230,0.5,94662,217,94553,3516524,37.15
AR,b,1993,41,0.00258,0.00258,0.5,94444,243,94322,3421971,36.23
AR,b,1993,42,0.00292,0.00291,0.5,94201,274,94063,3327649,35.33
AR,b,1993,43,0.00361,0.00360,0.5,93926,338,93757,3233585,34.43
AR,b,1993,44,0.00295,0.00294,0.5,93588,275,93450,3139828,33.55
AR,b,1993,45,0.00377,0.00376,0.5,93313,351,93137,3046378,32.65
AR,b,1993,46,0.00378,0.00377,0.5,92962,351,92786,2953241,31.77
AR,b,1993,47,0.00445,0.00444,0.5,92611,411,92405,2860454,30.89
AR,b,1993,48,0.00432,0.00431,0.5,92200,397,92001,2768049,30.02
AR,b,1993,49,0.00528,0.00527,0.5,91802,484,91560,2676048,29.15
AR,b,1993,50,0.00551,0.00550,0.5,91318,502,91068,2584487,28.30
AR,b,1993,51,0.00586,0.00584,0.5,90817,531,90551,2493420,27.46
AR,b,1993,52,0.00649,0.00647,0.5,90286,584,89994,2402869,26.61
AR,b,1993,53,0.00794,0.00791,0.5,89702,710,89347,2312875,25.78
AR,b,1993,54,0.00675,0.00673,0.5,88992,599,88693,2223527,24.99
AR,b,1993,55,0.00741,0.00738,0.5,88394,652,88067,2134834,24.15
AR,b,1993,56,0.01016,0.01011,0.5,87741,887,87298,2046767,23.33
AR,b,1993,57,0.01009,0.01004,0.5,86855,872,86418,1959469,22.56
AR,b,1993,58,0.01123,0.01117,0.5,85982,960,85502,1873050,21.78
AR,b,1993,59,0.01216,0.01209,0.5,85022,1028,84508,1787548,21.02
AR,b,1993,60,0.01336,0.01327,0.5,83994,1115,83437,1703040,20.28
AR,b,1993,61,0.01541,0.01530,0.5,82879,1268,82245,1619603,19.54
AR,b,1993,62,0.01568,0.01556,0.5,81612,1270,80977,1537358,18.84
AR,b,1993,63,0.01714,0.01699,0.5,80342,1365,79659,1456381,18.13
AR,b,1993,64,0.01818,0.01802,0.5,78977,1423,78265,1376722,17.43
AR,b,1993,65,0.01907,0.01889,0.5,77554,1465,76822,1298456,16.74
AR,b,1993,66,0.02196,0.02172,0.5,76089,1653,75263,1221635,16.06
AR,b,1993,67,0.02278,0.02253,0.5,74436,1677,73598,1146372,15.40
AR,b,1993,68,0.02601,0.02568,0.5,72759,1868,71825,1072774,14.74
AR,b,1993,69,0.02777,0.02739,0.5,70891,1942,69920,1000949,14.12
AR,b,1993,70,0.02782,0.02744,0.5,68949,1892,68003,931029,13.50
AR,b,1993,71,0.03381,0.03325,0.5,67057,2230,65943,863026,12.87
AR,b,1993,72,0.03280,0.03227,0.5,64828,2092,63782,797083,12.30
AR,b,1993,73,0.04158,0.04073,0.5,62735,2555,61458,733302,11.69
AR,b,1993,74,0.04182,0.04096,0.5,60180,2465,58947,671844,11.16
AR,b,1993,75,0.04373,0.04279,0.5,57715,2470,56480,612897,10.62
AR,b,1993,76,0.04480,0.04382,0.5,55245,2421,54035,556417,10.07
AR,b,1993,77,0.05303,0.05166,0.5,52824,2729,51460,502382,9.51
AR,b,1993,78,0.05738,0.05578,0.5,50096,2794,48698,450922,9.00
AR,b,1993,79,0.05942,0.05771,0.5,47301,2730,45936,402224,8.50
AR,b,1993,80,0.07443,0.07176,0.5,44571,3199,42972,356288,7.99
AR,b,1993,81,0.07547,0.07272,0.5,41373,3009,39869,313316,7.57
AR,b,1993,82,0.08452,0.08109,0.5,38364,3111,36809,273447,7.13
AR,b,1993,83,0.09496,0.09066,0.5,35253,3196,33655,236638,6.71
AR,b,1993,84,0.09992,0.09517,0.5,32057,3051,30532,202983,6.33
AR,b,1993,85,0.11299,0.10694,0.5,29006,3102,27455,172451,5.95
AR,b,1993,86,0.12292,0.11581,0.5,25904,3000,24404,144996,5.60
AR,b,1993,87,0.13046,0.12247,0.5,22904,2805,21502,120592,5.26
AR,b,1993,88,0.13406,0.12563,0.5,20099,2525,18837,99090,4.93
AR,b,1993,89,0.15928,0.14753,0.5,17574,2593,16278,80253,4.57
AR,b,1993,90,0.17802,0.16347,0.5,14981,2449,13757,63975,4.27
AR,b,1993,91,0.18680,0.17084,0.5,12532,2141,11462,50218,4.01
AR,b,1993,92,0.22013,0.19831,0.5,10391,2061,9361,38756,3.73
AR,b,1993,93,0.22862,0.20517,0.5,8331,1709,7476,29395,3.53
AR,b,1993,94,0.24846,0.22100,0.5,6621,1463,5890,21919,3.31
AR,b,1993,95,0.26949,0.23749,0.5,5158,1225,4546,16030,3.11
AR,b,1993,96,0.29168,0.25456,0.5,3933,1001,3433,11484,2.92
AR,b,1993,97,0.31499,0.27213,0.5,2932,798,2533,8051,2.75
AR,b,1993,98,0.33936,0.29013,0.5,2134,619,1824,5518,2.59
AR,b,1993,99,0.36468,0.30844,0.5,1515,467,1281,3694,2.44
AR,b,1993,100,0.39085,0.32696,0.5,1048,343,876,2413,2.30
AR,b,1993,101,0.41775,0.34557,0.5,705,244,583,1536,2.18
AR,b,1993,102,0.44522,0.36416,0.5,461,168,377,953,2.07
AR,b,1993,103,0.47310,0.38260,0.5,293,112,237,576,1.96
AR,b,1993,104,0.50123,0.40078,0.5,181,73,145,338,1.87
AR,b,1993,105,0.52941,0.41860,0.5,109,45,86,193,1.78
AR,b,1993,106,0.55746,0.43595,0.5,63,28,49,108,1.71
AR,b,1993,107,0.58521,0.45274,0.5,36,16,28,58,1.64
AR,b,1993,108,0.61249,0.46889,0.5,19,9,15,31,1.58
AR,b,1993,109,0.63913,0.48435,0.5,10,5,8,16,1.53
AR,b,1993,110+,0.66498,1.00000,1.5,5,5,8,8,1.50
AR,b,1994,0,0.00943,0.00935,0.07,100000,935,99135,7443693,74.44
AR,b,1994,1,0.00108,0.00108,0.5,99065,107,99011,7344558,74.14
AR,b,1994,2,0.00063,0.00063,0.5,98958,62,98927,7245547,73.22
AR,b,1994,3,0.00042,0.00042,0.5,98896,42,98875,7146620,72.26
AR,b,1994,4,0.00042,0.00042,0.5,98854,41,98833,7047745,71.29
AR,b,1994,5,0.00023,0.00023,0.5,98813,22,98802,6948911,70.32
AR,b,1994,6,0.00032,0.00032,0.5,98790,31,98775,6850110,69.34
AR,b,1994,7,0.00017,0.00017,0.5,98759,17,98751,6751335,68.36
AR,b,1994,8,0.00049,0.00049,0.5,98742,48,98718,6652584,67.37
AR,b,1994,9,0.00014,0.00014,0.5,98694,13,98687,6553866,66.41
AR,b,1994,10,0.00019,0.00019,0.5,98681,19,98671,6455179,65.41
AR,b,1994,11,0.00024,0.00024,0.5,98662,24,98650,6356508,64.43
AR,b,1994,12,0.00029,0.00029,0.5,98638,28,98624,6257857,63.44
AR,b,1994,13,0.00031,0.00031,0.5,98610,31,98594,6159233,62.46
AR,b,1994,14,0.00057,0.00057,0.5,98579,56,98551,6060639,61.48
AR,b,1994,15,0.00089,0.00089,0.5,98523,88,98479,5962088,60.51
AR,b,1994,16,0.00098,0.00098,0.5,98435,97,98387,5863609,59.57
AR,b,1994,17,0.00125,0.00125,0.5,98339,123,98277,5765222,58.63
AR,b,1994,18,0.00088,0.00088,0.5,98216,86,98173,5666945,57.70
AR,b,1994,19,0.00132,0.00132,0.5,98130,129,98065,5568772,56.75
AR,b,1994,20,0.00109,0.00109,0.5,98000,107,97947,5470707,55.82
AR,b,1994,21,0.00160,0.00160,0.5,97894,157,97815,5372760,54.88
AR,b,1994,22,0.00133,0.00133,0.5,97737,130,97672,5274945,53.97
AR,b,1994,23,0.00126,0.00126,0.5,97606,123,97545,5177274,53.04
AR,b,1994,24,0.00147,0.00147,0.5,97484,143,97412,5079729,52.11
AR,b,1994,25,0.00133,0.00133,0.5,97340,130,97276,4982317,51.18
AR,b,1994,26,0.00133,0.00133,0.5,97211,129,97146,4885041,50.25
AR,b,1994,27,0.00138,0.00138,0.5,97081,134,97014,4787895,49.32
AR,b,1994,28,0.00161,0.00161,0.5,96947,156,96869,4690881,48.39
AR,b,1994,29,0.00168,0.00168,0.5,96791,163,96710,4594012,47.46
AR,b,1994,30,0.00166,0.00166,0.5,96628,160,96548,4497302,46.54
AR,b,1994,31,0.00188,0.00188,0.5,96468,181,96378,4400754,45.62
AR,b,1994,32,0.00191,0.00190,0.5,96287,183,96195,4304376,44.70
AR,b,1994,33,0.00163,0.00163,0.5,96104,157,96025,4208180,43.79
AR,b,1994,34,0.00198,0.00197,0.5,95947,189,95852,4112155,42.86
AR,b,1994,35,0.00170,0.00170,0.5,95758,163,95676,4016303,41.94
AR,b,1994,36,0.00253,0.00253,0.5,95595,242,95474,3920626,41.01
AR,b,1994,37,0.00208,0.00208,0.5,95353,198,95253,3825153,40.12
AR,b,1994,38,0.00260,0.00260,0.5,95154,247,95030,3729899,39.20
AR,b,1994,39,0.00245,0.00245,0.5,94907,232,94790,3634869,38.30
AR,b,1994,40,0.00244,0.00244,0.5,94674,231,94559,3540079,37.39
AR,b,1994,41,0.00257,0.00257,0.5,94444,242,94322,3445520,36.48
AR,b,1994,42,0.00379,0.00378,0.5,94201,356,94023,3351197,35.57
AR,b,1994,43,0.00334,0.00333,0.5,93845,313,93688,3257174,34.71
AR,b,1994,44,0.00330,0.00330,0.5,93532,308,93378,3163486,33.82
AR,b,1994,45,0.00426,0.00426,0.5,93224,397,93025,3070108,32.93
AR,b,1994,46,0.00395,0.00395,0.5,92827,366,92644,2977082,32.07
AR,b,1994,47,0.00375,0.00374,0.5,92461,346,92288,2884439,31.20
AR,b,1994,48,0.00468,0.00467,0.5,92115,430,91900,2792151,30.31
AR,b,1994,49,0.00484,0.00483,0.5,91685,443,91463,2700251,29.45
AR,b,1994,50,0.00510,0.00509,0.5,91242,464,91010,2608788,28.59
AR,b,1994,51,0.00539,0.00537,0.5,90778,488,90534,2517778,27.74
AR,b,1994,52,0.00687,0.00685,0.5,90290,618,89981,2427244,26.88
AR,b,1994,53,0.00675,0.00673,0.5,89672,603,89370,2337263,26.06
AR,b,1994,54,0.00721,0.00719,0.5,89068,640,88748,2247893,25.24
AR,b,1994,55,0.00766,0.00763,0.5,88428,675,88091,2159145,24.42
AR,b,1994,56,0.00946,0.00942,0.5,87753,827,87340,2071055,23.60
AR,b,1994,57,0.01012,0.01007,0.5,86927,875,86489,1983715,22.82
AR,b,1994,58,0.01054,0.01048,0.5,86052,902,85601,1897226,22.05
AR,b,1994,59,0.01229,0.01221,0.5,85150,1040,84630,1811625,21.28
AR,b,1994,60,0.01318,0.01309,0.5,84110,1101,83559,1726995,20.53
AR,b,1994,61,0.01534,0.01522,0.5,83008,1264,82377,1643436,19.80
AR,b,1994,62,0.01670,0.01656,0.5,81745,1354,81068,1561060,19.10
AR,b,1994,63,0.01611,0.01598,0.5,80391,1285,79749,1479992,18.41
AR,b,1994,64,0.01806,0.01790,0.5,79106,1416,78398,1400243,17.70
AR,b,1994,65,0.01644,0.01631,0.5,77690,1267,77057,1321845,17.01
AR,b,1994,66,0.02044,0.02024,0.5,76423,1547,75650,1244788,16.29
AR,b,1994,67,0.02283,0.02258,0.5,74877,1690,74031,1169138,15.61
AR,b,1994,68,0.02281,0.02255,0.5,73186,1651,72361,1095107,14.96
AR,b,1994,69,0.02691,0.02655,0.5,71536,1899,70586,1022746,14.30
AR,b,1994,70,0.02683,0.02647,0.5,69636,1843,68714,952160,13.67
AR,b,1994,71,0.03261,0.03209,0.5,67793,2175,66705,883446,13.03
AR,b,1994,72,0.03342,0.03287,0.5,65617,2157,64539,816741,12.45
AR,b,1994,73,0.03669,0.03603,0.5,63460,2286,62317,752202,11.85
AR,b,1994,74,0.04127,0.04044,0.5,61174,2474,59937,689884,11.28
AR,b,1994,75,0.04408,0.04313,0.5,58700,2532,57434,629947,10.73
AR,b,1994,76,0.04756,0.04645,0.5,56168,2609,54864,572513,10.19
AR,b,1994,77,0.04713,0.04605,0.5,53559,2466,52326,517649,9.66
AR,b,1994,78,0.05289,0.05153,0.5,51093,2633,49777,465323,9.11
AR,b,1994,79,0.05980,0.05806,0.5,48460,2814,47053,415546,8.57
AR,b,1994,80,0.07047,0.06807,0.5,45647,3107,44093,368493,8.07
AR,b,1994,81,0.07495,0.07225,0.5,42539,3073,41003,324400,7.63
AR,b,1994,82,0.08710,0.08347,0.5,39466,3294,37819,283397,7.18
AR,b,1994,83,0.09284,0.08872,0.5,36172,3209,34567,245578,6.79
AR,b,1994,84,0.10676,0.10135,0.5,32963,3341,31293,211010,6.40
AR,b,1994,85,0.11271,0.10669,0.5,29622,3160,28042,179718,6.07
AR,b,1994,86,0.11969,0.11293,0.5,26462,2988,24968,151676,5.73
AR,b,1994,87,0.12517,0.11779,0.5,23473,2765,22091,126708,5.40
AR,b,1994,88,0.13417,0.12574,0.5,20708,2604,19406,104617,5.05
AR,b,1994,89,0.15717,0.14572,0.5,18105,2638,16785,85211,4.71
AR,b,1994,90,0.16475,0.15221,0.5,15466,2354,14289,68426,4.42
AR,b,1994,91,0.17099,0.15752,0.5,13112,2065,12079,54136,4.13
AR,b,1994,92,0.21779,0.19641,0.5,11047,2170,9962,42057,3.81
AR,b,1994,93,0.22309,0.20070,0.5,8877,1782,7986,32095,3.62
AR,b,1994,94,0.24063,0.21479,0.5,7095,1524,6333,24109,3.40
AR,b,1994,95,0.26094,0.23082,0.5,5571,1286,4928,17775,3.19
AR,b,1994,96,0.28244,0.24749,0.5,4285,1061,3755,12847,3.00
AR,b,1994,97,0.30509,0.26471,0.5,3225,854,2798,9092,2.82
AR,b,1994,98,0.32883,0.28240,0.5,2371,670,2036,6294,2.65
AR,b,1994,99,0.35358,0.30046,0.5,1702,511,1446,4257,2.50
AR,b,1994,100,0.37926,0.31880,0.5,1190,379,1001,2811,2.36
AR,b,1994,101,0.40573,0.33730,0.5,811,274,674,1811,2.23
AR,b,1994,102,0.43286,0.35585,0.5,537,191,442,1137,2.12
AR,b,1994,103,0.46050,0.37431,0.5,346,130,281,695,2.01
AR,b,1994,104,0.48847,0.39259,0.5,217,85,174,414,1.91
AR,b,1994,105,0.51659,0.41055,0.5,132,54,105,240,1.82
AR,b,1994,106,0.54469,0.42810,0.5,78,33,61,135,1.74
AR,b,1994,107,0.57258,0.44514,0.5,44,20,34,74,1.67
AR,b,1994,108,0.60008,0.46158,0.5,25,11,19,40,1.61
AR,b,1994,109,0.62702,0.47736,0.5,13,6,10,21,1.56
AR,b,1994,110+,0.65325,1.00000,1.53,7,7,11,11,1.53
AR,b,1995,0,0.00891,0.00884,0.07,100000,884,99181,7454715,74.55
AR,b,1995,1,0.00081,0.00081,0.5,99116,80,99076,7355535,74.21
AR,b,1995,2,0.00051,0.00051,0.5,99036,51,99011,7256459,73.27
AR,b,1995,3,0.00028,0.00028,0.5,98985,28,98971,7157448,72.31
AR,b,1995,4,0.00041,0.00041,0.5,98957,40,98937,7058477,71.33
AR,b,1995,5,0.00027,0.00027,0.5,98917,27,98903,6959540,70.36
AR,b,1995,6,0.00022,0.00022,0.5,98890,22,98879,6860636,69.38
AR,b,1995,7,0.00019,0.00019,0.5,98868,19,98858,6761758,68.39
AR,b,1995,8,0.00011,0.00011,0.5,98849,11,98843,6662899,67.41
AR,b,1995,9,0.00024,0.00024,0.5,98837,24,98825,6564056,66.41
AR,b,1995,10,0.00032,0.00032,0.5,98813,31,98798,6465231,65.43
AR,b,1995,11,0.00043,0.00043,0.5,98782,42,98761,6366433,64.45
AR,b,1995,12,0.00047,0.00047,0.5,98740,46,98717,6267672,63.48
AR,b,1995,13,0.00049,0.00049,0.5,98694,48,98670,6168955,62.51
AR,b,1995,14,0.00056,0.00056,0.5,98646,55,98618,6070286,61.54
AR,b,1995,15,0.00075,0.00075,0.5,98591,74,98553,5971668,60.57
AR,b,1995,16,0.00090,0.00089,0.5,98516,88,98472,5873114,59.62
AR,b,1995,17,0.00115,0.00115,0.5,98428,113,98371,5774642,58.67
AR,b,1995,18,0.00148,0.00148,0.5,98315,146,98242,5676271,57.74
AR,b,1995,19,0.00133,0.00133,0.5,98169,130,98104,5578029,56.82
AR,b,1995,20,0.00151,0.00151,0.5,98039,148,97965,5479925,55.90
AR,b,1995,21,0.00121,0.00121,0.5,97891,118,97832,5381960,54.98
AR,b,1995,22,0.00127,0.00127,0.5,97773,124,97711,5284128,54.05
AR,b,1995,23,0.00145,0.00144,0.5,97649,141,97578,5186418,53.11
AR,b,1995,24,0.00104,0.00104,0.5,97508,102,97457,5088839,52.19
AR,b,1995,25,0.00153,0.00152,0.5,97406,148,97332,4991382,51.24
AR,b,1995,26,0.00150,0.00149,0.5,97257,145,97185,4894051,50.32
AR,b,1995,27,0.00134,0.00134,0.5,97112,130,97047,4796866,49.40
AR,b,1995,28,0.00151,0.00151,0.5,96982,147,96909,4699819,48.46
AR,b,1995,29,0.00165,0.00165,0.5,96836,160,96756,4602910,47.53
AR,b,1995,30,0.00130,0.00130,0.5,96676,126,96613,4506154,46.61
AR,b,1995,31,0.00174,0.00174,0.5,96550,168,96466,4409541,45.67
AR,b,1995,32,0.00197,0.00197,0.5,96382,190,96287,4313075,44.75
AR,b,1995,33,0.00235,0.00235,0.5,96192,226,96080,4216787,43.84
AR,b,1995,34,0.00206,0.00205,0.5,95967,197,95868,4120708,42.94
AR,b,1995,35,0.00166,0.00165,0.5,95770,158,95690,4024839,42.03
AR,b,1995,36,0.00236,0.00236,0.5,95611,226,95498,3929149,41.10
AR,b,1995,37,0.00190,0.00190,0.5,95386,181,95295,3833650,40.19
AR,b,1995,38,0.00219,0.00219,0.5,95204,208,95100,3738355,39.27
AR,b,1995,39,0.00233,0.00233,0.5,94996,221,94885,3643255,38.35
AR,b,1995,40,0.00247,0.00247,0.5,94775,234,94658,3548370,37.44
AR,b,1995,41,0.00266,0.00266,0.5,94541,251,94415,3453712,36.53
AR,b,1995,42,0.00349,0.00348,0.5,94289,328,94125,3359297,35.63
AR,b,1995,43,0.00310,0.00309,0.5,93961,290,93816,3265172,34.75
AR,b,1995,44,0.00347,0.00346,0.5,93671,325,93509,3171356,33.86
AR,b,1995,45,0.00324,0.00323,0.5,93346,302,93196,3077848,32.97
AR,b,1995,46,0.00405,0.00404,0.5,93045,376,92857,2984652,32.08
AR,b,1995,47,0.00440,0.00440,0.5,92669,407,92465,2891795,31.21
AR,b,1995,48,0.00515,0.00514,0.5,92261,474,92024,2799330,30.34
AR,b,1995,49,0.00388,0.00387,0.5,91787,355,91610,2707306,29.50
AR,b,1995,50,0.00521,0.00520,0.5,91432,475,91195,2615696,28.61
AR,b,1995,51,0.00509,0.00507,0.5,90957,461,90726,2524502,27.75
AR,b,1995,52,0.00649,0.00647,0.5,90496,586,90203,2433775,26.89
AR,b,1995,53,0.00657,0.00655,0.5,89910,589,89615,2343573,26.07
AR,b,1995,54,0.00730,0.00727,0.5,89321,650,88996,2253957,25.23
AR,b,1995,55,0.00899,0.00895,0.5,88671,794,88274,2164961,24.42
AR,b,1995,56,0.00891,0.00887,0.5,87877,779,87488,2076687,23.63
AR,b,1995,57,0.01139,0.01132,0.5,87098,986,86605,1989200,22.84
AR,b,1995,58,0.01132,0.01126,0.5,86112,969,85627,1902595,22.09
AR,b,1995,59,0.01080,0.01075,0.5,85143,915,84685,1816967,21.34
AR,b,1995,60,0.01188,0.01181,0.5,84228,995,83730,1732282,20.57
AR,b,1995,61,0.01430,0.01420,0.5,83233,1182,82642,1648552,19.81
AR,b,1995,62,0.01469,0.01459,0.5,82051,1197,81452,1565910,19.08
AR,b,1995,63,0.01618,0.01605,0.5,80854,1297,80205,1484458,18.36
AR,b,1995,64,0.01812,0.01796,0.5,79557,1429,78842,1404253,17.65
AR,b,1995,65,0.01883,0.01866,0.5,78128,1458,77399,1325410,16.96
AR,b,1995,66,0.01939,0.01920,0.5,76670,1472,75934,1248011,16.28
AR,b,1995,67,0.02143,0.02120,0.5,75198,1594,74401,1172077,15.59
AR,b,1995,68,0.02291,0.02265,0.5,73603,1667,72770,1097677,14.91
AR,b,1995,69,0.02802,0.02763,0.5,71936,1988,70942,1024907,14.25
AR,b,1995,70,0.03145,0.03096,0.5,69948,2166,68865,953965,13.64
AR,b,1995,71,0.03103,0.03056,0.5,67783,2071,66747,885099,13.06
AR,b,1995,72,0.03358,0.03303,0.5,65711,2170,64626,818353,12.45
AR,b,1995,73,0.03601,0.03537,0.5,63541,2247,62417,753726,11.86
AR,b,1995,74,0.03878,0.03805,0.5,61294,2332,60128,691309,11.28
AR,b,1995,75,0.04662,0.04555,0.5,58962,2686,57619,631181,10.70
AR,b,1995,76,0.04724,0.04615,0.5,56276,2597,54977,573563,10.19
AR,b,1995,77,0.04691,0.04584,0.5,53679,2460,52449,518585,9.66
AR,b,1995,78,0.04882,0.04766,0.5,51218,2441,49998,466137,9.10
AR,b,1995,79,0.05789,0.05626,0.5,48777,2744,47405,416139,8.53
AR,b,1995,80,0.07096,0.06853,0.5,46033,3155,44456,368734,8.01
AR,b,1995,81,0.07319,0.07061,0.5,42878,3027,41365,324278,7.56
AR,b,1995,82,0.08307,0.07975,0.5,39851,3178,38262,282913,7.10
AR,b,1995,83,0.09247,0.08838,0.5,36673,3241,35052,244652,6.67
AR,b,1995,84,0.10174,0.09682,0.5,33432,3237,31813,209599,6.27
AR,b,1995,85,0.11173,0.10582,0.5,30195,3195,28597,177786,5.89
AR,b,1995,86,0.12388,0.11665,0.5,27000,3150,25425,149189,5.53
AR,b,1995,87,0.12938,0.12152,0.5,23850,2898,22401,123764,5.19
AR,b,1995,88,0.15030,0.13979,0.5,20952,2929,19487,101363,4.84
AR,b,1995,89,0.16578,0.15309,0.5,18023,2759,16643,81876,4.54
AR,b,1995,90,0.17794,0.16341,0.5,15264,2494,14017,65232,4.27
AR,b,1995,91,0.20089,0.18255,0.5,12770,2331,11604,51216,4.01
AR,b,1995,92,0.19477,0.17748,0.5,10438,1853,9512,39612,3.79
AR,b,1995,93,0.22670,0.20362,0.5,8586,1748,7712,30100,3.51
AR,b,1995,94,0.25072,0.22279,0.5,6838,1523,6076,22388,3.27
AR,b,1995,95,0.27248,0.23981,0.5,5314,1274,4677,16312,3.07
AR,b,1995,96,0.29548,0.25745,0.5,4040,1040,3520,11635,2.88
AR,b,1995,97,0.31967,0.27562,0.5,3000,827,2586,8115,2.71
AR,b,1995,98,0.34496,0.29421,0.5,2173,639,1853,5529,2.54
AR,b,1995,99,0.37126,0.31313,0.5,1534,480,1294,3675,2.40
AR,b,1995,100,0.39844,0.33225,0.5,1053,350,878,2382,2.26
AR,b,1995,101,0.42635,0.35143,0.5,703,247,580,1503,2.14
AR,b,1995,102,0.45483,0.37056,0.5,456,169,372,923,2.02
AR,b,1995,103,0.48370,0.38950,0.5,287,112,231,552,1.92
AR,b,1995,104,0.51275,0.40812,0.5,175,72,140,321,1.83
AR,b,1995,105,0.54180,0.42631,0.5,104,44,82,181,1.74
AR,b,1995,106,0.57065,0.44397,0.5,60,26,46,99,1.67
AR,b,1995,107,0.59908,0.46099,0.5,33,15,25,53,1.60
AR,b,1995,108,0.62693,0.47731,0.5,18,9,14,28,1.54
AR,b,1995,109,0.65401,0.49285,0.5,9,5,7,14,1.50
AR,b,1995,110+,0.68018,1.00000,1.47,5,5,7,7,1.47
AR,b,1996,0,0.00955,0.00947,0.07,100000,947,99124,7482025,74.82
AR,b,1996,1,0.00079,0.00079,0.5,99053,79,99014,7382901,74.53
AR,b,1996,2,0.00054,0.00054,0.5,98974,53,98948,7283887,73.59
AR,b,1996,3,0.00039,0.00039,0.5,98921,39,98902,7184939,72.63
AR,b,1996,4,0.00025,0.00025,0.5,98882,24,98870,7086037,71.66
AR,b,1996,5,0.00049,0.00049,0.5,98858,48,98834,6987167,70.68
AR,b,1996,6,0.00030,0.00030,0.5,98810,29,98795,6888333,69.71
AR,b,1996,7,0.00022,0.00022,0.5,98781,21,98770,6789537,68.73
AR,b,1996,8,0.00031,0.00031,0.5,98759,30,98744,6690767,67.75
AR,b,1996,9,0.00016,0.00016,0.5,98729,16,98721,6592023,66.77
AR,b,1996,10,0.00021,0.00021,0.5,98713,21,98703,6493301,65.78
AR,b,1996,11,0.00013,0.00013,0.5,98693,13,98686,6394598,64.79
AR,b,1996,12,0.00016,0.00016,0.5,98680,15,98672,6295912,63.80
AR,b,1996,13,0.00021,0.00021,0.5,98664,20,98654,6197240,62.81
AR,b,1996,14,0.00045,0.00045,0.5,98644,45,98622,6098586,61.82
AR,b,1996,15,0.00042,0.00042,0.5,98599,41,98579,5999964,60.85
AR,b,1996,16,0.00089,0.00089,0.5,98558,87,98514,5901386,59.88
AR,b,1996,17,0.00141,0.00141,0.5,98470,139,98401,5802871,58.93
AR,b,1996,18,0.00133,0.00133,0.5,98332,130,98267,5704470,58.01
AR,b,1996,19,0.00160,0.00159,0.5,98202,157,98123,5606203,57.09
AR,b,1996,20,0.00107,0.00107,0.5,98045,105,97993,5508080,56.18
AR,b,1996,21,0.00134,0.00133,0.5,97940,131,97875,5410088,55.24
AR,b,1996,22,0.00132,0.00132,0.5,97809,129,97745,5312213,54.31
AR,b,1996,23,0.00135,0.00135,0.5,97680,132,97614,5214468,53.38
AR,b,1996,24,0.00126,0.00126,0.5,97548,123,97487,5116854,52.45
AR,b,1996,25,0.00107,0.00107,0.5,97426,104,97374,5019367,51.52
AR,b,1996,26,0.00093,0.00093,0.5,97322,90,97276,4921993,50.57
AR,b,1996,27,0.00146,0.00146,0.5,97231,142,97160,4824717,49.62
AR,b,1996,28,0.00136,0.00136,0.5,97089,132,97023,4727557,48.69
AR,b,1996,29,0.00151,0.00151,0.5,96957,146,96884,4630534,47.76
AR,b,1996,30,0.00134,0.00133,0.5,96810,129,96746,4533650,46.83
AR,b,1996,31,0.00166,0.00166,0.5,96681,160,96601,4436904,45.89
AR,b,1996,32,0.00143,0.00143,0.5,96521,138,96452,4340303,44.97
AR,b,1996,33,0.00200,0.00199,0.5,96382,192,96286,4243852,44.03
AR,b,1996,34,0.00173,0.00172,0.5,96190,166,96107,4147565,43.12
AR,b,1996,35,0.00188,0.00188,0.5,96024,180,95934,4051458,42.19
AR,b,1996,36,0.00191,0.00191,0.5,95844,183,95752,3955524,41.27
AR,b,1996,37,0.00213,0.00212,0.5,95661,203,95559,3859771,40.35
AR,b,1996,38,0.00248,0.00247,0.5,95458,236,95339,3764212,39.43
AR,b,1996,39,0.00250,0.00250,0.5,95221,238,95102,3668873,38.53
AR,b,1996,40,0.00227,0.00226,0.5,94983,215,94876,3573770,37.63
AR,b,1996,41,0.00253,0.00253,0.5,94768,240,94648,3478894,36.71
AR,b,1996,42,0.00227,0.00227,0.5,94528,214,94421,3384246,35.80
AR,b,1996,43,0.00329,0.00328,0.5,94314,310,94159,3289825,34.88
AR,b,1996,44,0.00284,0.00284,0.5,94005,267,93871,3195665,33.99
AR,b,1996,45,0.00331,0.00330,0.5,93738,310,93583,3101794,33.09
AR,b,1996,46,0.00369,0.00368,0.5,93428,344,93256,3008211,32.20
AR,b,1996,47,0.00430,0.00430,0.5,93084,400,92884,2914955,31.32
AR,b,1996,48,0.00426,0.00425,0.5,92684,394,92487,2822071,30.45
AR,b,1996,49,0.00496,0.00494,0.5,92291,456,92062,2729584,29.58
AR,b,1996,50,0.00514,0.00513,0.5,91834,471,91599,2637521,28.72
AR,b,1996,51,0.00671,0.00669,0.5,91364,611,91058,2545922,27.87
AR,b,1996,52,0.00590,0.00588,0.5,90752,534,90485,2454864,27.05
AR,b,1996,53,0.00686,0.00684,0.5,90219,617,89910,2364379,26.21
AR,b,1996,54,0.00808,0.00805,0.5,89602,721,89241,2274469,25.38
AR,b,1996,55,0.00848,0.00844,0.5,88881,750,88506,2185228,24.59
AR,b,1996,56,0.00893,0.00889,0.5,88130,783,87739,2096722,23.79
AR,b,1996,57,0.01053,0.01047,0.5,87347,915,86889,2008983,23.00
AR,b,1996,58,0.01011,0.01006,0.5,86432,869,85997,1922094,22.24
AR,b,1996,59,0.01085,0.01079,0.5,85563,923,85101,1836097,21.46
AR,b,1996,60,0.01147,0.01140,0.5,84639,965,84157,1750996,20.69
AR,b,1996,61,0.01459,0.01448,0.5,83674,1212,83068,1666839,19.92
AR,b,1996,62,0.01421,0.01411,0.5,82462,1164,81880,1583771,19.21
AR,b,1996,63,0.01807,0.01790,0.5,81299,1456,80571,1501890,18.47
AR,b,1996,64,0.01659,0.01646,0.5,79843,1314,79186,1421319,17.80
AR,b,1996,65,0.01722,0.01708,0.5,78529,1341,77858,1342133,17.09
AR,b,1996,66,0.01934,0.01916,0.5,77188,1479,76449,1264275,16.38
AR,b,1996,67,0.02069,0.02048,0.5,75709,1550,74934,1187827,15.69
AR,b,1996,68,0.02422,0.02393,0.5,74159,1774,73272,1112892,15.01
AR,b,1996,69,0.02674,0.02639,0.5,72385,1910,71430,1039621,14.36
AR,b,1996,70,0.02676,0.02640,0.5,70475,1861,69544,968191,13.74
AR,b,1996,71,0.03114,0.03067,0.5,68614,2104,67562,898647,13.10
AR,b,1996,72,0.03479,0.03419,0.5,66510,2274,65373,831085,12.50
AR,b,1996,73,0.03598,0.03535,0.5,64235,2271,63100,765713,11.92
AR,b,1996,74,0.03717,0.03649,0.5,61965,2261,60834,702613,11.34
AR,b,1996,75,0.03881,0.03807,0.5,59704,2273,58567,641778,10.75
AR,b,1996,76,0.04920,0.04802,0.5,57430,2758,56052,583211,10.16
AR,b,1996,77,0.05160,0.05031,0.5,54673,2750,53297,527160,9.64
AR,b,1996,78,0.05393,0.05251,0.5,51922,2727,50559,473862,9.13
AR,b,1996,79,0.05784,0.05622,0.5,49196,2766,47813,423303,8.60
AR,b,1996,80,0.07331,0.07071,0.5,46430,3283,44788,375491,8.09
AR,b,1996,81,0.07402,0.07137,0.5,43147,3080,41607,330702,7.66
AR,b,1996,82,0.08037,0.07726,0.5,40067,3096,38519,289095,7.22
AR,b,1996,83,0.09509,0.09077,0.5,36971,3356,35293,250576,6.78
AR,b,1996,84,0.09874,0.09409,0.5,33615,3163,32034,215283,6.40
AR,b,1996,85,0.11421,0.10804,0.5,30453,3290,28808,183249,6.02
AR,b,1996,86,0.12220,0.11516,0.5,27163,3128,25598,154441,5.69
AR,b,1996,87,0.12797,0.12027,0.5,24034,2891,22589,128842,5.36
AR,b,1996,88,0.14294,0.13341,0.5,21144,2821,19733,106253,5.03
AR,b,1996,89,0.16586,0.15316,0.5,18323,2806,16920,86520,4.72
AR,b,1996,90,0.15614,0.14483,0.5,15517,2247,14393,69600,4.49
AR,b,1996,91,0.17741,0.16296,0.5,13269,2162,12188,55207,4.16
AR,b,1996,92,0.21573,0.19472,0.5,11107,2163,10026,43019,3.87
AR,b,1996,93,0.21340,0.19282,0.5,8944,1725,8082,32993,3.69
AR,b,1996,94,0.23710,0.21197,0.5,7220,1530,6454,24911,3.45
AR,b,1996,95,0.25671,0.22750,0.5,5689,1294,5042,18457,3.24
AR,b,1996,96,0.27740,0.24361,0.5,4395,1071,3860,13415,3.05
AR,b,1996,97,0.29915,0.26023,0.5,3324,865,2892,9555,2.87
AR,b,1996,98,0.32192,0.27729,0.5,2459,682,2118,6663,2.71
AR,b,1996,99,0.34562,0.29470,0.5,1777,524,1515,4545,2.56
AR,b,1996,100,0.37019,0.31237,0.5,1254,392,1058,3030,2.42
AR,b,1996,101,0.39552,0.33021,0.5,862,285,720,1972,2.29
AR,b,1996,102,0.42148,0.34812,0.5,577,201,477,1252,2.17
AR,b,1996,103,0.44796,0.36598,0.5,376,138,307,776,2.06
AR,b,1996,104,0.47480,0.38371,0.5,239,92,193,468,1.96
AR,b,1996,105,0.50184,0.40118,0.5,147,59,118,275,1.87
AR,b,1996,106,0.52894,0.41831,0.5,88,37,70,158,1.79
AR,b,1996,107,0.55593,0.43501,0.5,51,22,40,88,1.72
AR,b,1996,108,0.58264,0.45120,0.5,29,13,22,48,1.66
AR,b,1996,109,0.60892,0.46680,0.5,16,7,12,26,1.61
AR,b,1996,110+,0.63464,1.00000,1.58,8,8,13,13,1.58
AR,b,1997,0,0.00893,0.00885,0.07,100000,885,99179,7443060,74.43
AR,b,1997,1,0.00067,0.00067,0.5,99115,67,99081,7343881,74.09
AR,b,1997,2,0.00070,0.00070,0.5,99048,69,99013,7244800,73.14
AR,b,1997,3,0.00042,0.00042,0.5,98979,41,98958,7145786,72.20
AR,b,1997,4,0.00033,0.00033,0.5,98937,33,98921,7046829,71.23
AR,b,1997,5,0.00038,0.00038,0.5,98905,38,98886,6947908,70.25
AR,b,1997,6,0.00035,0.00035,0.5,98867,34,98850,6849022,69.28
AR,b,1997,7,0.00032,0.00032,0.5,98833,31,98817,6750172,68.30
AR,b,1997,8,0.00030,0.00030,0.5,98801,29,98787,6651355,67.32
AR,b,1997,9,0.00021,0.00021,0.5,98772,21,98762,6552568,66.34
AR,b,1997,10,0.00013,0.00013,0.5,98751,13,98745,6453807,65.35
AR,b,1997,11,0.00034,0.00034,0.5,98738,34,98721,6355062,64.36
AR,b,1997,12,0.00034,0.00034,0.5,98704,33,98688,6256341,63.38
AR,b,1997,13,0.00028,0.00028,0.5,98671,28,98657,6157653,62.41
AR,b,1997,14,0.00038,0.00038,0.5,98643,37,98625,6058996,61.42
AR,b,1997,15,0.00057,0.00057,0.5,98606,56,98578,5960371,60.45
AR,b,1997,16,0.00098,0.00098,0.5,98550,96,98502,5861793,59.48
AR,b,1997,17,0.00117,0.00117,0.5,98454,115,98396,5763292,58.54
AR,b,1997,18,0.00153,0.00153,0.5,98338,151,98263,5664896,57.61
AR,b,1997,19,0.00116,0.00116,0.5,98188,114,98131,5566633,56.69
AR,b,1997,20,0.00111,0.00111,0.5,98073,109,98019,5468502,55.76
AR,b,1997,21,0.00127,0.00127,0.5,97965,124,97903,5370483,54.82
AR,b,1997,22,0.00100,0.00100,0.5,97840,97,97792,5272581,53.89
AR,b,1997,23,0.00159,0.00159,0.5,97743,155,97665,5174789,52.94
AR,b,1997,24,0.00079,0.00079,0.5,97587,77,97549,5077124,52.03
AR,b,1997,25,0.00108,0.00108,0.5,97511,105,97458,4979575,51.07
AR,b,1997,26,0.00173,0.00173,0.5,97405,168,97321,4882117,50.12
AR,b,1997,27,0.00125,0.00125,0.5,97237,122,97176,4784796,49.21
AR,b,1997,28,0.00146,0.00145,0.5,97115,141,97045,4687620,48.27
AR,b,1997,29,0.00141,0.00141,0.5,96974,137,96906,4590575,47.34
AR,b,1997,30,0.00113,0.00113,0.5,96837,109,96783,4493670,46.40
AR,b,1997,31,0.00183,0.00182,0.5,96728,176,96640,4396887,45.46
AR,b,1997,32,0.00173,0.00173,0.5,96552,167,96468,4300247,44.54
AR,b,1997,33,0.00157,0.00157,0.5,96385,151,96309,4203779,43.61
AR,b,1997,34,0.00197,0.00197,0.5,96234,190,96139,4107470,42.68
AR,b,1997,35,0.00203,0.00202,0.5,96044,194,95947,4011331,41.77
AR,b,1997,36,0.00191,0.00191,0.5,95850,183,95758,3915384,40.85
AR,b,1997,37,0.00234,0.00233,0.5,95666,223,95555,3819626,39.93
AR,b,1997,38,0.00243,0.00243,0.5,95443,232,95327,3724072,39.02
AR,b,1997,39,0.00251,0.00251,0.5,95211,239,95092,3628744,38.11
AR,b,1997,40,0.00270,0.00270,0.5,94972,256,94844,3533653,37.21
AR,b,1997,41,0.00278,0.00277,0.5,94716,263,94584,3438809,36.31
AR,b,1997,42,0.00339,0.00339,0.5,94453,320,94293,3344224,35.41
AR,b,1997,43,0.00279,0.00278,0.5,94133,262,94002,3249931,34.52
AR,b,1997,44,0.00324,0.00324,0.5,93871,304,93719,3155929,33.62
AR,b,1997,45,0.00305,0.00304,0.5,93567,285,93425,3062210,32.73
AR,b,1997,46,0.00447,0.00446,0.5,93282,416,93074,2968785,31.83
AR,b,1997,47,0.00481,0.00480,0.5,92866,446,92643,2875711,30.97
AR,b,1997,48,0.00483,0.00481,0.5,92421,445,92198,2783067,30.11
AR,b,1997,49,0.00517,0.00516,0.5,91976,474,91739,2690869,29.26
AR,b,1997,50,0.00555,0.00553,0.5,91501,506,91248,2599131,28.41
AR,b,1997,51,0.00580,0.00579,0.5,90995,526,90732,2507882,27.56
AR,b,1997,52,0.00599,0.00597,0.5,90469,540,90199,2417150,26.72
AR,b,1997,53,0.00681,0.00679,0.5,89929,610,89624,2326951,25.88
AR,b,1997,54,0.00748,0.00745,0.5,89319,666,88986,2237328,25.05
AR,b,1997,55,0.00870,0.00866,0.5,88653,768,88269,2148342,24.23
AR,b,1997,56,0.00905,0.00901,0.5,87885,792,87489,2060073,23.44
AR,b,1997,57,0.00994,0.00989,0.5,87093,861,86663,1972583,22.65
AR,b,1997,58,0.01136,0.01129,0.5,86232,974,85745,1885920,21.87
AR,b,1997,59,0.01139,0.01133,0.5,85259,966,84776,1800175,21.11
AR,b,1997,60,0.01289,0.01281,0.5,84293,1080,83753,1715399,20.35
AR,b,1997,61,0.01467,0.01456,0.5,83213,1212,82607,1631646,19.61
AR,b,1997,62,0.01564,0.01552,0.5,82001,1273,81365,1549038,18.89
AR,b,1997,63,0.01618,0.01605,0.5,80729,1296,80081,1467673,18.18
AR,b,1997,64,0.01926,0.01907,0.5,79433,1515,78675,1387593,17.47
AR,b,1997,65,0.01924,0.01906,0.5,77918,1485,77175,1308917,16.80
AR,b,1997,66,0.02064,0.02043,0.5,76433,1562,75652,1231742,16.12
AR,b,1997,67,0.02078,0.02057,0.5,74871,1540,74101,1156090,15.44
AR,b,1997,68,0.02357,0.02330,0.5,73331,1709,72477,1081989,14.75
AR,b,1997,69,0.02639,0.02604,0.5,71623,1865,70690,1009512,14.09
AR,b,1997,70,0.02819,0.02780,0.5,69757,1939,68788,938822,13.46
AR,b,1997,71,0.03295,0.03242,0.5,67818,2199,66719,870034,12.83
AR,b,1997,72,0.03377,0.03321,0.5,65620,2179,64530,803316,12.24
AR,b,1997,73,0.03679,0.03612,0.5,63440,2292,62295,738785,11.65
AR,b,1997,74,0.04156,0.04072,0.5,61149,2490,59904,676491,11.06
AR,b,1997,75,0.04440,0.04344,0.5,58659,2548,57385,616587,10.51
AR,b,1997,76,0.04641,0.04535,0.5,56111,2545,54838,559202,9.97
AR,b,1997,77,0.05239,0.05106,0.5,53566,2735,52199,504364,9.42
AR,b,1997,78,0.05986,0.05812,0.5,50831,2954,49354,452165,8.90
AR,b,1997,79,0.05938,0.05767,0.5,47877,2761,46497,402811,8.41
AR,b,1997,80,0.07055,0.06815,0.5,45116,3075,43579,356314,7.90
AR,b,1997,81,0.08138,0.07820,0.5,42041,3288,40398,312736,7.44
AR,b,1997,82,0.08745,0.08379,0.5,38754,3247,37130,272338,7.03
AR,b,1997,83,0.09150,0.08750,0.5,35507,3107,33953,235208,6.62
AR,b,1997,84,0.10139,0.09650,0.5,32400,3127,30837,201255,6.21
AR,b,1997,85,0.11733,0.11083,0.5,29273,3244,27651,170418,5.82
AR,b,1997,86,0.12305,0.11592,0.5,26029,3017,24520,142767,5.48
AR,b,1997,87,0.13681,0.12805,0.5,23012,2947,21538,118247,5.14
AR,b,1997,88,0.14833,0.13809,0.5,20065,2771,18679,96709,4.82
AR,b,1997,89,0.15375,0.14277,0.5,17294,2469,16060,78029,4.51
AR,b,1997,90,0.19020,0.17368,0.5,14825,2575,13538,61970,4.18
AR,b,1997,91,0.19814,0.18028,0.5,12250,2208,11146,48432,3.95
AR,b,1997,92,0.22033,0.19847,0.5,10042,1993,9045,37286,3.71
AR,b,1997,93,0.22768,0.20441,0.5,8049,1645,7226,28241,3.51
AR,b,1997,94,0.25176,0.22361,0.5,6403,1432,5688,21015,3.28
AR,b,1997,95,0.27279,0.24005,0.5,4972,1193,4375,15328,3.08
AR,b,1997,96,0.29492,0.25702,0.5,3778,971,3293,10953,2.90
AR,b,1997,97,0.31811,0.27445,0.5,2807,770,2422,7660,2.73
AR,b,1997,98,0.34227,0.29226,0.5,2037,595,1739,5238,2.57
AR,b,1997,99,0.36733,0.31033,0.5,1441,447,1218,3499,2.43
AR,b,1997,100,0.39317,0.32857,0.5,994,327,831,2282,2.30
AR,b,1997,101,0.41966,0.34688,0.5,667,232,552,1451,2.17
AR,b,1997,102,0.44668,0.36513,0.5,436,159,356,899,2.06
AR,b,1997,103,0.47407,0.38323,0.5,277,106,224,543,1.96
AR,b,1997,104,0.50166,0.40106,0.5,171,68,136,319,1.87
AR,b,1997,105,0.52928,0.41852,0.5,102,43,81,182,1.78
AR,b,1997,106,0.55677,0.43553,0.5,59,26,47,102,1.71
AR,b,1997,107,0.58397,0.45199,0.5,34,15,26,55,1.64
AR,b,1997,108,0.61070,0.46784,0.5,18,9,14,29,1.59
AR,b,1997,109,0.63682,0.48302,0.5,10,5,7,15,1.54
AR,b,1997,110+,0.66219,1.00000,1.51,5,5,8,8,1.51
AR,b,1998,0,0.00921,0.00913,0.07,100000,913,99155,7484485,74.84
AR,b,1998,1,0.00059,0.00059,0.5,99087,58,99058,7385330,74.53
AR,b,1998,2,0.00036,0.00036,0.5,99029,36,99011,7286272,73.58
AR,b,1998,3,0.00025,0.00025,0.5,98993,25,98981,7187261,72.60
AR,b,1998,4,0.00028,0.00028,0.5,98969,27,98955,7088280,71.62
AR,b,1998,5,0.00033,0.00033,0.5,98942,33,98925,6989324,70.64
AR,b,1998,6,0.00022,0.00022,0.5,98909,21,98898,6890399,69.66
AR,b,1998,7,0.00016,0.00016,0.5,98888,15,98880,6791501,68.68
AR,b,1998,8,0.00032,0.00032,0.5,98872,31,98857,6692621,67.69
AR,b,1998,9,0.00023,0.00023,0.5,98841,23,98829,6593764,66.71
AR,b,1998,10,0.00029,0.00029,0.5,98818,28,98804,6494935,65.73
AR,b,1998,11,0.00024,0.00024,0.5,98789,23,98778,6396131,64.75
AR,b,1998,12,0.00036,0.00036,0.5,98766,36,98748,6297354,63.76
AR,b,1998,13,0.00046,0.00046,0.5,98730,46,98707,6198605,62.78
AR,b,1998,14,0.00049,0.00049,0.5,98685,48,98661,6099898,61.81
AR,b,1998,15,0.00050,0.00050,0.5,98637,49,98612,6001237,60.84
AR,b,1998,16,0.00088,0.00088,0.5,98587,87,98544,5902625,59.87
AR,b,1998,17,0.00137,0.00136,0.5,98500,134,98433,5804081,58.92
AR,b,1998,18,0.00127,0.00127,0.5,98366,125,98304,5705648,58.00
AR,b,1998,19,0.00112,0.00112,0.5,98241,110,98187,5607344,57.08
AR,b,1998,20,0.00123,0.00123,0.5,98132,121,98071,5509158,56.14
AR,b,1998,21,0.00117,0.00117,0.5,98011,115,97954,5411086,55.21
AR,b,1998,22,0.00116,0.00116,0.5,97896,114,97839,5313133,54.27
AR,b,1998,23,0.00109,0.00109,0.5,97783,106,97730,5215293,53.34
AR,b,1998,24,0.00120,0.00120,0.5,97676,117,97618,5117564,52.39
AR,b,1998,25,0.00107,0.00107,0.5,97559,105,97507,5019946,51.46
AR,b,1998,26,0.00115,0.00115,0.5,97454,112,97398,4922439,50.51
AR,b,1998,27,0.00086,0.00086,0.5,97342,84,97300,4825041,49.57
AR,b,1998,28,0.00164,0.00164,0.5,97258,159,97179,4727741,48.61
AR,b,1998,29,0.00107,0.00107,0.5,97099,104,97047,4630562,47.69
AR,b,1998,30,0.00161,0.00161,0.5,96995,156,96917,4533515,46.74
AR,b,1998,31,0.00126,0.00126,0.5,96839,122,96778,4436598,45.81
AR,b,1998,32,0.00147,0.00147,0.5,96717,142,96646,4339820,44.87
AR,b,1998,33,0.00160,0.00160,0.5,96575,154,96498,4243175,43.94
AR,b,1998,34,0.00164,0.00164,0.5,96420,158,96342,4146677,43.01
AR,b,1998,35,0.00177,0.00176,0.5,96263,170,96178,4050336,42.08
AR,b,1998,36,0.00174,0.00174,0.5,96093,167,96009,3954158,41.15
AR,b,1998,37,0.00218,0.00218,0.5,95926,209,95821,3858149,40.22
AR,b,1998,38,0.00234,0.00234,0.5,95717,224,95605,3762327,39.31
AR,b,1998,39,0.00219,0.00219,0.5,95493,209,95388,3666722,38.40
AR,b,1998,40,0.00206,0.00205,0.5,95284,196,95186,3571334,37.48
AR,b,1998,41,0.00350,0.00350,0.5,95088,333,94922,3476148,36.56
AR,b,1998,42,0.00275,0.00274,0.5,94755,260,94625,3381227,35.68
AR,b,1998,43,0.00285,0.00285,0.5,94495,269,94361,3286602,34.78
AR,b,1998,44,0.00354,0.00353,0.5,94227,333,94060,3192240,33.88
AR,b,1998,45,0.00330,0.00329,0.5,93894,309,93739,3098180,33.00
AR,b,1998,46,0.00409,0.00408,0.5,93585,382,93394,3004441,32.10
AR,b,1998,47,0.00394,0.00394,0.5,93203,367,93020,2911047,31.23
AR,b,1998,48,0.00445,0.00444,0.5,92836,412,92630,2818027,30.35
AR,b,1998,49,0.00482,0.00481,0.5,92424,444,92202,2725397,29.49
AR,b,1998,50,0.00490,0.00489,0.5,91980,450,91755,2633195,28.63
AR,b,1998,51,0.00626,0.00625,0.5,91530,572,91244,2541440,27.77
AR,b,1998,52,0.00604,0.00602,0.5,90958,548,90685,2450196,26.94
AR,b,1998,53,0.00669,0.00666,0.5,90411,602,90110,2359511,26.10
AR,b,1998,54,0.00647,0.00644,0.5,89808,579,89519,2269402,25.27
AR,b,1998,55,0.00943,0.00938,0.5,89230,837,88811,2179883,24.43
AR,b,1998,56,0.00972,0.00967,0.5,88392,855,87965,2091072,23.66
AR,b,1998,57,0.00950,0.00946,0.5,87538,828,87124,2003107,22.88
AR,b,1998,58,0.00980,0.00975,0.5,86710,845,86287,1915983,22.10
AR,b,1998,59,0.01108,0.01102,0.5,85865,946,85392,1829695,21.31
AR,b,1998,60,0.01085,0.01079,0.5,84919,917,84460,1744304,20.54
AR,b,1998,61,0.01353,0.01344,0.5,84002,1129,83438,1659843,19.76
AR,b,1998,62,0.01489,0.01478,0.5,82873,1225,82261,1576406,19.02
AR,b,1998,63,0.01806,0.01790,0.5,81648,1461,80917,1494145,18.30
AR,b,1998,64,0.01640,0.01627,0.5,80187,1304,79535,1413228,17.62
AR,b,1998,65,0.01992,0.01972,0.5,78883,1556,78105,1333693,16.91
AR,b,1998,66,0.02115,0.02093,0.5,77327,1619,76517,1255589,16.24
AR,b,1998,67,0.02124,0.02102,0.5,75708,1591,74912,1179071,15.57
AR,b,1998,68,0.02313,0.02286,0.5,74117,1694,73270,1104159,14.90
AR,b,1998,69,0.02501,0.02470,0.5,72422,1789,71528,1030889,14.23
AR,b,1998,70,0.02637,0.02602,0.5,70633,1838,69714,959361,13.58
AR,b,1998,71,0.03207,0.03156,0.5,68795,2171,67710,889647,12.93
AR,b,1998,72,0.03518,0.03457,0.5,66624,2303,65472,821937,12.34
AR,b,1998,73,0.03761,0.03691,0.5,64321,2374,63134,756465,11.76
AR,b,1998,74,0.03879,0.03805,0.5,61946,2357,60768,693331,11.19
AR,b,1998,75,0.04152,0.04068,0.5,59589,2424,58377,632564,10.62
AR,b,1998,76,0.04502,0.04403,0.5,57165,2517,55907,574186,10.04
AR,b,1998,77,0.05047,0.04923,0.5,54648,2690,53303,518280,9.48
AR,b,1998,78,0.05675,0.05518,0.5,51958,2867,50525,464977,8.95
AR,b,1998,79,0.05815,0.05651,0.5,49091,2774,47704,414452,8.44
AR,b,1998,80,0.07095,0.06852,0.5,46317,3174,44730,366748,7.92
AR,b,1998,81,0.07613,0.07334,0.5,43143,3164,41561,322018,7.46
AR,b,1998,82,0.08517,0.08169,0.5,39979,3266,38346,280457,7.02
AR,b,1998,83,0.08837,0.08463,0.5,36713,3107,35160,242111,6.59
AR,b,1998,84,0.10298,0.09794,0.5,33606,3291,31961,206951,6.16
AR,b,1998,85,0.11107,0.10523,0.5,30315,3190,28720,174990,5.77
AR,b,1998,86,0.12655,0.11902,0.5,27125,3228,25511,146270,5.39
AR,b,1998,87,0.14025,0.13106,0.5,23897,3132,22331,120760,5.05
AR,b,1998,88,0.15351,0.14257,0.5,20765,2960,19284,98429,4.74
AR,b,1998,89,0.16846,0.15537,0.5,17804,2766,16421,79145,4.45
AR,b,1998,90,0.18385,0.16838,0.5,15038,2532,13772,62724,4.17
AR,b,1998,91,0.20633,0.18704,0.5,12506,2339,11336,48952,3.91
AR,b,1998,92,0.20467,0.18567,0.5,10167,1888,9223,37616,3.70
AR,b,1998,93,0.23339,0.20900,0.5,8279,1730,7414,28393,3.43
AR,b,1998,94,0.25733,0.22800,0.5,6549,1493,5802,20979,3.20
AR,b,1998,95,0.27980,0.24546,0.5,5056,1241,4435,15176,3.00
AR,b,1998,96,0.30351,0.26352,0.5,3815,1005,3312,10741,2.82
AR,b,1998,97,0.32839,0.28208,0.5,2809,792,2413,7429,2.64
AR,b,1998,98,0.35435,0.30102,0.5,2017,607,1713,5016,2.49
AR,b,1998,99,0.38128,0.32023,0.5,1410,451,1184,3303,2.34
AR,b,1998,100,0.40903,0.33958,0.5,958,325,796,2119,2.21
AR,b,1998,101,0.43746,0.35895,0.5,633,227,519,1323,2.09
AR,b,1998,102,0.46637,0.37819,0.5,406,153,329,804,1.98
AR,b,1998,103,0.49559,0.39717,0.5,252,100,202,475,1.88
AR,b,1998,104,0.52491,0.41578,0.5,152,63,120,272,1.79
AR,b,1998,105,0.55411,0.43390,0.5,89,39,70,152,1.71
AR,b,1998,106,0.58301,0.45142,0.5,50,23,39,82,1.64
AR,b,1998,107,0.61141,0.46826,0.5,28,13,21,43,1.57
AR,b,1998,108,0.63912,0.48434,0.5,15,7,11,22,1.52
AR,b,1998,109,0.66598,0.49961,0.5,8,4,6,11,1.47
AR,b,1998,110+,0.69184,1.00000,1.45,4,4,5,5,1.45
AR,b,1999,0,0.00820,0.00814,0.07,100000,814,99244,7495430,74.95
AR,b,1999,1,0.00050,0.00050,0.5,99186,50,99161,7396186,74.57
AR,b,1999,2,0.00044,0.00044,0.5,99137,44,99115,7297024,73.61
AR,b,1999,3,0.00047,0.00047,0.5,99093,46,99070,7197910,72.64
AR,b,1999,4,0.00027,0.00027,0.5,99047,27,99033,7098840,71.67
AR,b,1999,5,0.00028,0.00028,0.5,99019,27,99006,6999807,70.69
AR,b,1999,6,0.00011,0.00011,0.5,98992,11,98987,6900801,69.71
AR,b,1999,7,0.00029,0.00029,0.5,98981,29,98967,6801815,68.72
AR,b,1999,8,0.00034,0.00034,0.5,98953,33,98936,6702848,67.74
AR,b,1999,9,0.00013,0.00013,0.5,98919,13,98913,6603912,66.76
AR,b,1999,10,0.00013,0.00013,0.5,98906,13,98900,6504999,65.77
AR,b,1999,11,0.00018,0.00018,0.5,98894,18,98885,6406099,64.78
AR,b,1999,12,0.00026,0.00026,0.5,98875,26,98863,6307214,63.79
AR,b,1999,13,0.00028,0.00028,0.5,98850,28,98836,6208352,62.81
AR,b,1999,14,0.00085,0.00084,0.5,98822,83,98780,6109516,61.82
AR,b,1999,15,0.00056,0.00056,0.5,98738,55,98711,6010736,60.88
AR,b,1999,16,0.00094,0.00094,0.5,98683,93,98637,5912025,59.91
AR,b,1999,17,0.00067,0.00067,0.5,98591,67,98557,5813389,58.96
AR,b,1999,18,0.00116,0.00116,0.5,98524,114,98467,5714831,58.00
AR,b,1999,19,0.00104,0.00104,0.5,98410,102,98359,5616364,57.07
AR,b,1999,20,0.00109,0.00109,0.5,98308,107,98254,5518006,56.13
AR,b,1999,21,0.00122,0.00122,0.5,98201,120,98141,5419752,55.19
AR,b,1999,22,0.00128,0.00128,0.5,98081,126,98018,5321611,54.26
AR,b,1999,23,0.00120,0.00120,0.5,97955,118,97896,5223593,53.33
AR,b,1999,24,0.00131,0.00131,0.5,97837,128,97773,5125697,52.39
AR,b,1999,25,0.00084,0.00084,0.5,97709,82,97667,5027924,51.46
AR,b,1999,26,0.00117,0.00117,0.5,97626,115,97569,4930257,50.50
AR,b,1999,27,0.00132,0.00132,0.5,97512,129,97447,4832688,49.56
AR,b,1999,28,0.00128,0.00128,0.5,97383,125,97321,4735240,48.62
AR,b,1999,29,0.00133,0.00133,0.5,97258,129,97194,4637920,47.69
AR,b,1999,30,0.00119,0.00119,0.5,97129,116,97071,4540726,46.75
AR,b,1999,31,0.00143,0.00143,0.5,97013,139,96944,4443655,45.80
AR,b,1999,32,0.00108,0.00108,0.5,96874,105,96822,4346711,44.87
AR,b,1999,33,0.00187,0.00187,0.5,96770,181,96679,4249889,43.92
AR,b,1999,34,0.00182,0.00182,0.5,96589,175,96501,4153210,43.00
AR,b,1999,35,0.00177,0.00177,0.5,96413,171,96328,4056709,42.08
AR,b,1999,36,0.00212,0.00212,0.5,96242,204,96140,3960381,41.15
AR,b,1999,37,0.00198,0.00198,0.5,96038,190,95943,3864241,40.24
AR,b,1999,38,0.00187,0.00187,0.5,95848,180,95759,3768298,39.32
AR,b,1999,39,0.00210,0.00210,0.5,95669,201,95568,3672539,38.39
AR,b,1999,40,0.00253,0.00252,0.5,95468,241,95348,3576971,37.47
AR,b,1999,41,0.00250,0.00250,0.5,95227,238,95108,3481623,36.56
AR,b,1999,42,0.00257,0.00256,0.5,94989,243,94868,3386515,35.65
AR,b,1999,43,0.00341,0.00341,0.5,94746,323,94585,3291647,34.74
AR,b,1999,44,0.00380,0.00380,0.5,94423,358,94244,3197062,33.86
AR,b,1999,45,0.00376,0.00375,0.5,94065,353,93888,3102818,32.99
AR,b,1999,46,0.00399,0.00398,0.5,93712,373,93525,3008930,32.11
AR,b,1999,47,0.00419,0.00418,0.5,93339,390,93143,2915405,31.23
AR,b,1999,48,0.00446,0.00445,0.5,92948,414,92741,2822262,30.36
AR,b,1999,49,0.00506,0.00505,0.5,92534,467,92301,2729521,29.50
AR,b,1999,50,0.00483,0.00481,0.5,92067,443,91845,2637220,28.64
AR,b,1999,51,0.00537,0.00536,0.5,91624,491,91378,2545375,27.78
AR,b,1999,52,0.00637,0.00635,0.5,91133,578,90843,2453997,26.93
AR,b,1999,53,0.00654,0.00652,0.5,90554,591,90259,2363153,26.10
AR,b,1999,54,0.00746,0.00744,0.5,89964,669,89629,2272894,25.26
AR,b,1999,55,0.00712,0.00710,0.5,89295,634,88978,2183265,24.45
AR,b,1999,56,0.00919,0.00915,0.5,88661,811,88255,2094287,23.62
AR,b,1999,57,0.00927,0.00923,0.5,87850,811,87445,2006032,22.83
AR,b,1999,58,0.01117,0.01111,0.5,87039,967,86556,1918587,22.04
AR,b,1999,59,0.01137,0.01130,0.5,86072,973,85586,1832032,21.28
AR,b,1999,60,0.01141,0.01135,0.5,85100,966,84617,1746445,20.52
AR,b,1999,61,0.01288,0.01280,0.5,84134,1077,83595,1661829,19.75
AR,b,1999,62,0.01374,0.01364,0.5,83057,1133,82490,1578233,19.00
AR,b,1999,63,0.01597,0.01585,0.5,81924,1298,81275,1495743,18.26
AR,b,1999,64,0.01779,0.01763,0.5,80626,1421,79915,1414468,17.54
AR,b,1999,65,0.01819,0.01803,0.5,79204,1428,78490,1334553,16.85
AR,b,1999,66,0.02062,0.02041,0.5,77776,1588,76983,1256062,16.15
AR,b,1999,67,0.02304,0.02277,0.5,76189,1735,75321,1179080,15.48
AR,b,1999,68,0.02158,0.02135,0.5,74454,1589,73659,1103758,14.82
AR,b,1999,69,0.02451,0.02422,0.5,72864,1764,71982,1030099,14.14
AR,b,1999,70,0.02845,0.02805,0.5,71100,1994,70103,958117,13.48
AR,b,1999,71,0.02978,0.02934,0.5,69106,2028,68092,888015,12.85
AR,b,1999,72,0.03325,0.03271,0.5,67078,2194,65981,819923,12.22
AR,b,1999,73,0.03674,0.03608,0.5,64884,2341,63713,753942,11.62
AR,b,1999,74,0.04074,0.03993,0.5,62543,2497,61294,690228,11.04
AR,b,1999,75,0.04145,0.04061,0.5,60046,2438,58826,628934,10.47
AR,b,1999,76,0.04698,0.04590,0.5,57607,2644,56285,570108,9.90
AR,b,1999,77,0.04790,0.04678,0.5,54963,2571,53677,513823,9.35
AR,b,1999,78,0.05843,0.05678,0.5,52392,2975,50904,460145,8.78
AR,b,1999,79,0.06393,0.06195,0.5,49417,3062,47886,409241,8.28
AR,b,1999,80,0.07154,0.06907,0.5,46356,3202,44755,361354,7.80
AR,b,1999,81,0.07559,0.07284,0.5,43154,3143,41582,316600,7.34
AR,b,1999,82,0.09282,0.08871,0.5,40010,3549,38236,275018,6.87
AR,b,1999,83,0.09454,0.09027,0.5,36461,3291,34816,236782,6.49
AR,b,1999,84,0.10689,0.10147,0.5,33170,3366,31487,201966,6.09
AR,b,1999,85,0.11992,0.11314,0.5,29804,3372,28118,170479,5.72
AR,b,1999,86,0.12106,0.11415,0.5,26432,3017,24924,142361,5.39
AR,b,1999,87,0.13616,0.12748,0.5,23415,2985,21922,117437,5.02
AR,b,1999,88,0.15766,0.14614,0.5,20430,2986,18937,95515,4.68
AR,b,1999,89,0.16486,0.15231,0.5,17444,2657,16116,76578,4.39
AR,b,1999,90,0.19015,0.17364,0.5,14787,2568,13504,60462,4.09
AR,b,1999,91,0.18642,0.17052,0.5,12220,2084,11178,46958,3.84
AR,b,1999,92,0.24044,0.21464,0.5,10136,2176,9048,35780,3.53
AR,b,1999,93,0.22943,0.20582,0.5,7960,1638,7141,26732,3.36
AR,b,1999,94,0.27829,0.24429,0.5,6322,1544,5550,19591,3.10
AR,b,1999,95,0.28719,0.25113,0.5,4778,1200,4178,14041,2.94
AR,b,1999,96,0.31143,0.26947,0.5,3578,964,3096,9863,2.76
AR,b,1999,97,0.33683,0.28828,0.5,2614,753,2237,6768,2.59
AR,b,1999,98,0.36328,0.30744,0.5,1860,572,1574,4531,2.44
AR,b,1999,99,0.39068,0.32684,0.5,1288,421,1078,2956,2.29
AR,b,1999,100,0.41886,0.34633,0.5,867,300,717,1879,2.17
AR,b,1999,101,0.44767,0.36579,0.5,567,207,463,1162,2.05
AR,b,1999,102,0.47690,0.38508,0.5,360,138,290,698,1.94
AR,b,1999,103,0.50637,0.40407,0.5,221,89,176,408,1.85
AR,b,1999,104,0.53587,0.42263,0.5,132,56,104,232,1.76
AR,b,1999,105,0.56518,0.44066,0.5,76,34,59,128,1.68
AR,b,1999,106,0.59411,0.45804,0.5,43,19,33,68,1.61
AR,b,1999,107,0.62245,0.47471,0.5,23,11,18,36,1.55
AR,b,1999,108,0.65003,0.49058,0.5,12,6,9,18,1.49
AR,b,1999,109,0.67669,0.50562,0.5,6,3,5,9,1.45
AR,b,1999,110+,0.70229,1.00000,1.42,3,3,4,4,1.42
AR,b,2000,0,0.00873,0.00866,0.07,100000,866,99197,7478154,74.78
AR,b,2000,1,0.00069,0.00069,0.5,99134,68,99100,7378957,74.43
AR,b,2000,2,0.00058,0.00058,0.5,99066,57,99037,7279856,73.48
AR,b,2000,3,0.00038,0.00038,0.5,99009,38,98990,7180819,72.53
AR,b,2000,4,0.00041,0.00041,0.5,98970,41,98950,7081829,71.55
AR,b,2000,5,0.00011,0.00011,0.5,98930,11,98924,6982879,70.58
AR,b,2000,6,0.00019,0.00019,0.5,98919,19,98909,6883955,69.59
AR,b,2000,7,0.00040,0.00040,0.5,98900,40,98880,6785046,68.61
AR,b,2000,8,0.00010,0.00010,0.5,98860,10,98855,6686166,67.63
AR,b,2000,9,0.00018,0.00018,0.5,98850,18,98841,6587311,66.64
AR,b,2000,10,0.00023,0.00023,0.5,98832,23,98821,6488470,65.65
AR,b,2000,11,0.00031,0.00031,0.5,98809,31,98794,6389649,64.67
AR,b,2000,12,0.00029,0.00029,0.5,98779,28,98764,6290855,63.69
AR,b,2000,13,0.00023,0.00023,0.5,98750,23,98739,6192091,62.70
AR,b,2000,14,0.00059,0.00059,0.5,98727,58,98698,6093352,61.72
AR,b,2000,15,0.00072,0.00072,0.5,98669,71,98633,5994654,60.76
AR,b,2000,16,0.00080,0.00080,0.5,98598,79,98559,5896021,59.80
AR,b,2000,17,0.00088,0.00088,0.5,98519,86,98476,5797462,58.85
AR,b,2000,18,0.00120,0.00120,0.5,98433,118,98374,5698986,57.90
AR,b,2000,19,0.00111,0.00111,0.5,98315,109,98260,5600612,56.97
AR,b,2000,20,0.00122,0.00122,0.5,98206,120,98146,5502352,56.03
AR,b,2000,21,0.00125,0.00125,0.5,98086,123,98025,5404206,55.10
AR,b,2000,22,0.00112,0.00112,0.5,97964,110,97909,5306181,54.16
AR,b,2000,23,0.00135,0.00135,0.5,97854,132,97788,5208272,53.22
AR,b,2000,24,0.00116,0.00116,0.5,97722,113,97665,5110485,52.30
AR,b,2000,25,0.00128,0.00127,0.5,97608,124,97546,5012820,51.36
AR,b,2000,26,0.00118,0.00118,0.5,97484,115,97426,4915274,50.42
AR,b,2000,27,0.00109,0.00109,0.5,97369,106,97316,4817848,49.48
AR,b,2000,28,0.00132,0.00132,0.5,97262,128,97198,4720532,48.53
AR,b,2000,29,0.00142,0.00142,0.5,97134,137,97065,4623334,47.60
AR,b,2000,30,0.00145,0.00145,0.5,96997,141,96926,4526268,46.66
AR,b,2000,31,0.00167,0.00167,0.5,96856,162,96775,4429342,45.73
AR,b,2000,32,0.00134,0.00134,0.5,96694,130,96629,4332567,44.81
AR,b,2000,33,0.00176,0.00176,0.5,96564,169,96480,4235938,43.87
AR,b,2000,34,0.00182,0.00182,0.5,96395,175,96307,4139458,42.94
AR,b,2000,35,0.00137,0.00137,0.5,96220,132,96154,4043151,42.02
AR,b,2000,36,0.00173,0.00173,0.5,96088,166,96005,3946997,41.08
AR,b,2000,37,0.00219,0.00219,0.5,95922,210,95817,3850993,40.15
AR,b,2000,38,0.00192,0.00192,0.5,95712,184,95620,3755176,39.23
AR,b,2000,39,0.00254,0.00254,0.5,95528,242,95407,3659556,38.31
AR,b,2000,40,0.00269,0.00268,0.5,95286,256,95158,3564150,37.40
AR,b,2000,41,0.00306,0.00306,0.5,95030,290,94885,3468992,36.50
AR,b,2000,42,0.00306,0.00305,0.5,94739,289,94595,3374107,35.61
AR,b,2000,43,0.00342,0.00341,0.5,94450,322,94289,3279512,34.72
AR,b,2000,44,0.00359,0.00358,0.5,94128,337,93959,3185223,33.84
AR,b,2000,45,0.00397,0.00396,0.5,93791,372,93605,3091264,32.96
AR,b,2000,46,0.00325,0.00325,0.5,93419,303,93267,2997659,32.09
AR,b,2000,47,0.00403,0.00402,0.5,93116,374,92928,2904391,31.19
AR,b,2000,48,0.00471,0.00470,0.5,92741,436,92524,2811463,30.32
AR,b,2000,49,0.00495,0.00494,0.5,92306,456,92078,2718939,29.46
AR,b,2000,50,0.00591,0.00589,0.5,91850,541,91579,2626862,28.60
AR,b,2000,51,0.00559,0.00558,0.5,91309,509,91054,2535283,27.77
AR,b,2000,52,0.00518,0.00517,0.5,90799,469,90565,2444229,26.92
AR,b,2000,53,0.00756,0.00753,0.5,90330,680,89990,2353664,26.06
AR,b,2000,54,0.00748,0.00745,0.5,89650,668,89316,2263675,25.25
AR,b,2000,55,0.00830,0.00827,0.5,88982,735,88614,2174359,24.44
AR,b,2000,56,0.00806,0.00803,0.5,88247,708,87892,2085744,23.64
AR,b,2000,57,0.01001,0.00996,0.5,87538,872,87102,1997852,22.82
AR,b,2000,58,0.01072,0.01067,0.5,86666,925,86204,1910749,22.05
AR,b,2000,59,0.01259,0.01251,0.5,85742,1073,85206,1824545,21.28
AR,b,2000,60,0.01237,0.01229,0.5,84669,1041,84149,1739340,20.54
AR,b,2000,61,0.01202,0.01195,0.5,83629,999,83129,1655191,19.79
AR,b,2000,62,0.01608,0.01595,0.5,82629,1318,81971,1572062,19.03
AR,b,2000,63,0.01530,0.01519,0.5,81312,1235,80694,1490091,18.33
AR,b,2000,64,0.01732,0.01717,0.5,80077,1375,79389,1409397,17.60
AR,b,2000,65,0.01817,0.01801,0.5,78701,1417,77993,1330008,16.90
AR,b,2000,66,0.01901,0.01883,0.5,77284,1455,76556,1252015,16.20
AR,b,2000,67,0.02256,0.02231,0.5,75829,1692,74983,1175459,15.50
AR,b,2000,68,0.02374,0.02346,0.5,74137,1739,73267,1100476,14.84
AR,b,2000,69,0.02481,0.02450,0.5,72398,1774,71511,1027208,14.19
AR,b,2000,70,0.02656,0.02621,0.5,70624,1851,69698,955698,13.53
AR,b,2000,71,0.03037,0.02992,0.5,68773,2058,67744,885999,12.88
AR,b,2000,72,0.03267,0.03215,0.5,66715,2145,65643,818255,12.26
AR,b,2000,73,0.03385,0.03329,0.5,64570,2150,63496,752613,11.66
AR,b,2000,74,0.03800,0.03729,0.5,62421,2328,61257,689117,11.04
AR,b,2000,75,0.04686,0.04579,0.5,60093,2751,58717,627860,10.45
AR,b,2000,76,0.04376,0.04282,0.5,57342,2455,56114,569142,9.93
AR,b,2000,77,0.05113,0.04985,0.5,54886,2736,53518,513029,9.35
AR,b,2000,78,0.05709,0.05551,0.5,52150,2895,50703,459510,8.81
AR,b,2000,79,0.06298,0.06105,0.5,49255,3007,47752,408808,8.30
AR,b,2000,80,0.07709,0.07423,0.5,46248,3433,44531,361056,7.81
AR,b,2000,81,0.08157,0.07837,0.5,42815,3355,41137,316525,7.39
AR,b,2000,82,0.08631,0.08274,0.5,39460,3265,37827,275388,6.98
AR,b,2000,83,0.09197,0.08793,0.5,36195,3182,34603,237560,6.56
AR,b,2000,84,0.10634,0.10097,0.5,33012,3333,31346,202957,6.15
AR,b,2000,85,0.11213,0.10618,0.5,29679,3151,28103,171611,5.78
AR,b,2000,86,0.11645,0.11004,0.5,26528,2919,25068,143508,5.41
AR,b,2000,87,0.13985,0.13071,0.5,23609,3086,22066,118440,5.02
AR,b,2000,88,0.14925,0.13889,0.5,20523,2850,19097,96374,4.70
AR,b,2000,89,0.17061,0.15720,0.5,17672,2778,16283,77277,4.37
AR,b,2000,90,0.17756,0.16308,0.5,14894,2429,13680,60993,4.10
AR,b,2000,91,0.20958,0.18970,0.5,12465,2365,11283,47314,3.80
AR,b,2000,92,0.22230,0.20007,0.5,10101,2021,9090,36031,3.57
AR,b,2000,93,0.23750,0.21229,0.5,8080,1715,7222,26941,3.33
AR,b,2000,94,0.28959,0.25296,0.5,6365,1610,5560,19718,3.10
AR,b,2000,95,0.28300,0.24792,0.5,4755,1179,4165,14159,2.98
AR,b,2000,96,0.30669,0.26592,0.5,3576,951,3100,9994,2.79
AR,b,2000,97,0.33153,0.28439,0.5,2625,747,2252,6893,2.63
AR,b,2000,98,0.35743,0.30324,0.5,1878,570,1594,4642,2.47
AR,b,2000,99,0.38428,0.32234,0.5,1309,422,1098,3048,2.33
AR,b,2000,100,0.41193,0.34157,0.5,887,303,735,1950,2.20
AR,b,2000,101,0.44022,0.36081,0.5,584,211,479,1215,2.08
AR,b,2000,102,0.46899,0.37991,0.5,373,142,302,736,1.97
AR,b,2000,103,0.49805,0.39875,0.5,231,92,185,434,1.87
AR,b,2000,104,0.52718,0.41721,0.5,139,58,110,248,1.78
AR,b,2000,105,0.55620,0.43518,0.5,81,35,63,138,1.70
AR,b,2000,106,0.58490,0.45255,0.5,46,21,35,75,1.63
AR,b,2000,107,0.61309,0.46925,0.5,25,12,19,39,1.57
AR,b,2000,108,0.64060,0.48519,0.5,13,6,10,20,1.51
AR,b,2000,109,0.66726,0.50033,0.5,7,3,5,10,1.47
AR,b,2000,110+,0.69292,1.00000,1.44,3,3,5,5,1.44
AR,b,2001,0,0.00839,0.00833,0.07,100000,833,99227,7505369,75.05
AR,b,2001,1,0.00071,0.00071,0.5,99167,71,99132,7406142,74.68
AR,b,2001,2,0.00066,0.00066,0.5,99096,66,99064,7307010,73.74
AR,b,2001,3,0.00036,0.00036,0.5,99031,35,99013,7207947,72.79
AR,b,2001,4,0.00030,0.00030,0.5,98995,30,98980,7108934,71.81
AR,b,2001,5,0.00022,0.00022,0.5,98965,22,98954,7009954,70.83
AR,b,2001,6,0.00019,0.00019,0.5,98943,19,98934,6910999,69.85
AR,b,2001,7,0.00036,0.00036,0.5,98924,35,98907,6812065,68.86
AR,b,2001,8,0.00016,0.00016,0.5,98889,16,98881,6713159,67.89
AR,b,2001,9,0.00010,0.00010,0.5,98873,10,98868,6614278,66.90
AR,b,2001,10,0.00013,0.00013,0.5,98863,13,98857,6515409,65.90
AR,b,2001,11,0.00020,0.00020,0.5,98850,20,98840,6416553,64.91
AR,b,2001,12,0.00026,0.00026,0.5,98830,25,98817,6317713,63.92
AR,b,2001,13,0.00034,0.00034,0.5,98805,33,98788,6218895,62.94
AR,b,2001,14,0.00023,0.00023,0.5,98771,23,98760,6120107,61.96
AR,b,2001,15,0.00054,0.00054,0.5,98748,53,98722,6021347,60.98
AR,b,2001,16,0.00088,0.00088,0.5,98695,87,98652,5922625,60.01
AR,b,2001,17,0.00093,0.00093,0.5,98608,92,98562,5823974,59.06
AR,b,2001,18,0.00103,0.00103,0.5,98516,102,98466,5725411,58.12
AR,b,2001,19,0.00122,0.00122,0.5,98415,120,98355,5626946,57.18
AR,b,2001,20,0.00148,0.00148,0.5,98294,145,98222,5528591,56.25
AR,b,2001,21,0.00139,0.00139,0.5,98149,137,98081,5430369,55.33
AR,b,2001,22,0.00099,0.00099,0.5,98012,97,97964,5332289,54.40
AR,b,2001,23,0.00121,0.00121,0.5,97915,118,97856,5234325,53.46
AR,b,2001,24,0.00102,0.00102,0.5,97797,100,97747,5136469,52.52
AR,b,2001,25,0.00101,0.00101,0.5,97697,99,97648,5038722,51.58
AR,b,2001,26,0.00132,0.00132,0.5,97598,128,97534,4941074,50.63
AR,b,2001,27,0.00132,0.00132,0.5,97470,128,97406,4843540,49.69
AR,b,2001,28,0.00154,0.00154,0.5,97341,150,97267,4746135,48.76
AR,b,2001,29,0.00118,0.00118,0.5,97192,115,97134,4648868,47.83
AR,b,2001,30,0.00187,0.00186,0.5,97077,181,96986,4551734,46.89
AR,b,2001,31,0.00142,0.00141,0.5,96896,137,96827,4454747,45.97
AR,b,2001,32,0.00145,0.00145,0.5,96759,140,96689,4357920,45.04
AR,b,2001,33,0.00137,0.00137,0.5,96619,132,96553,4261231,44.10
AR,b,2001,34,0.00208,0.00208,0.5,96487,200,96386,4164679,43.16
AR,b,2001,35,0.00199,0.00199,0.5,96286,192,96190,4068292,42.25
AR,b,2001,36,0.00182,0.00182,0.5,96095,175,96007,3972102,41.34
AR,b,2001,37,0.00228,0.00228,0.5,95920,219,95811,3876094,40.41
AR,b,2001,38,0.00207,0.00206,0.5,95701,198,95603,3780284,39.50
AR,b,2001,39,0.00207,0.00207,0.5,95504,198,95405,3684681,38.58
AR,b,2001,40,0.00245,0.00245,0.5,95306,234,95189,3589276,37.66
AR,b,2001,41,0.00273,0.00273,0.5,95072,260,94943,3494087,36.75
AR,b,2001,42,0.00329,0.00328,0.5,94813,311,94657,3399145,35.85
AR,b,2001,43,0.00347,0.00347,0.5,94502,328,94338,3304487,34.97
AR,b,2001,44,0.00356,0.00355,0.5,94174,334,94007,3210149,34.09
AR,b,2001,45,0.00350,0.00349,0.5,93840,327,93676,3116142,33.21
AR,b,2001,46,0.00340,0.00340,0.5,93512,318,93354,3022466,32.32
AR,b,2001,47,0.00412,0.00411,0.5,93195,383,93003,2929112,31.43
AR,b,2001,48,0.00445,0.00444,0.5,92811,412,92605,2836110,30.56
AR,b,2001,49,0.00523,0.00522,0.5,92399,482,92158,2743504,29.69
AR,b,2001,50,0.00551,0.00549,0.5,91917,505,91665,2651346,28.84
AR,b,2001,51,0.00533,0.00531,0.5,91412,486,91169,2559681,28.00
AR,b,2001,52,0.00639,0.00637,0.5,90927,579,90637,2468512,27.15
AR,b,2001,53,0.00687,0.00685,0.5,90347,619,90038,2377875,26.32
AR,b,2001,54,0.00761,0.00758,0.5,89728,680,89388,2287837,25.50
AR,b,2001,55,0.00711,0.00709,0.5,89048,631,88733,2198449,24.69
AR,b,2001,56,0.00954,0.00949,0.5,88417,839,87997,2109716,23.86
AR,b,2001,57,0.00943,0.00939,0.5,87578,822,87167,2021718,23.08
AR,b,2001,58,0.01119,0.01113,0.5,86756,965,86273,1934552,22.30
AR,b,2001,59,0.01055,0.01049,0.5,85790,900,85340,1848279,21.54
AR,b,2001,60,0.01266,0.01258,0.5,84890,1068,84356,1762938,20.77
AR,b,2001,61,0.01305,0.01296,0.5,83823,1087,83279,1678582,20.03
AR,b,2001,62,0.01400,0.01390,0.5,82736,1150,82161,1595303,19.28
AR,b,2001,63,0.01527,0.01515,0.5,81586,1236,80968,1513142,18.55
AR,b,2001,64,0.01559,0.01547,0.5,80350,1243,79728,1432174,17.82
AR,b,2001,65,0.01762,0.01746,0.5,79106,1381,78416,1352446,17.10
AR,b,2001,66,0.02032,0.02011,0.5,77725,1563,76943,1274031,16.39
AR,b,2001,67,0.02151,0.02128,0.5,76162,1620,75351,1197087,15.72
AR,b,2001,68,0.02536,0.02504,0.5,74541,1867,73608,1121736,15.05
AR,b,2001,69,0.02439,0.02410,0.5,72674,1751,71799,1048128,14.42
AR,b,2001,70,0.02543,0.02511,0.5,70923,1781,70033,976329,13.77
AR,b,2001,71,0.02755,0.02718,0.5,69142,1879,68203,906297,13.11
AR,b,2001,72,0.03133,0.03084,0.5,67263,2075,66226,838094,12.46
AR,b,2001,73,0.03593,0.03530,0.5,65189,2301,64038,771868,11.84
AR,b,2001,74,0.03892,0.03817,0.5,62888,2401,61687,707830,11.26
AR,b,2001,75,0.04108,0.04025,0.5,60487,2435,59270,646142,10.68
AR,b,2001,76,0.04707,0.04599,0.5,58052,2670,56717,586873,10.11
AR,b,2001,77,0.04649,0.04544,0.5,55383,2516,54124,530155,9.57
AR,b,2001,78,0.05473,0.05327,0.5,52866,2816,51458,476031,9.00
AR,b,2001,79,0.05990,0.05816,0.5,50050,2911,48595,424572,8.48
AR,b,2001,80,0.06535,0.06328,0.5,47139,2983,45648,375978,7.98
AR,b,2001,81,0.07552,0.07277,0.5,44156,3213,42550,330330,7.48
AR,b,2001,82,0.08427,0.08087,0.5,40943,3311,39287,287780,7.03
AR,b,2001,83,0.09478,0.09049,0.5,37632,3405,35929,248493,6.60
AR,b,2001,84,0.10114,0.09627,0.5,34227,3295,32579,212564,6.21
AR,b,2001,85,0.11276,0.10674,0.5,30932,3302,29281,179984,5.82
AR,b,2001,86,0.11705,0.11057,0.5,27630,3055,26102,150704,5.45
AR,b,2001,87,0.13728,0.12846,0.5,24575,3157,22996,124601,5.07
AR,b,2001,88,0.15031,0.13980,0.5,21418,2994,19921,101605,4.74
AR,b,2001,89,0.17088,0.15743,0.5,18424,2900,16973,81684,4.43
AR,b,2001,90,0.18108,0.16605,0.5,15523,2578,14234,64710,4.17
AR,b,2001,91,0.20414,0.18523,0.5,12946,2398,11747,50476,3.90
AR,b,2001,92,0.21290,0.19241,0.5,10548,2030,9533,38729,3.67
AR,b,2001,93,0.23309,0.20876,0.5,8518,1778,7629,29196,3.43
AR,b,2001,94,0.25795,0.22848,0.5,6740,1540,5970,21567,3.20
AR,b,2001,95,0.28040,0.24592,0.5,5200,1279,4561,15597,3.00
AR,b,2001,96,0.30403,0.26391,0.5,3921,1035,3404,11037,2.81
AR,b,2001,97,0.32878,0.28236,0.5,2886,815,2479,7633,2.64
AR,b,2001,98,0.35455,0.30116,0.5,2071,624,1759,5154,2.49
AR,b,2001,99,0.38122,0.32019,0.5,1448,463,1216,3395,2.35
AR,b,2001,100,0.40868,0.33934,0.5,984,334,817,2179,2.21
AR,b,2001,101,0.43675,0.35847,0.5,650,233,534,1362,2.10
AR,b,2001,102,0.46528,0.37746,0.5,417,157,338,828,1.99
AR,b,2001,103,0.49407,0.39620,0.5,260,103,208,490,1.89
AR,b,2001,104,0.52295,0.41455,0.5,157,65,124,282,1.80
AR,b,2001,105,0.55171,0.43243,0.5,92,40,72,158,1.72
AR,b,2001,106,0.58018,0.44972,0.5,52,23,40,86,1.65
AR,b,2001,107,0.60815,0.46635,0.5,29,13,22,45,1.58
AR,b,2001,108,0.63547,0.48224,0.5,15,7,12,23,1.53
AR,b,2001,109,0.66198,0.49736,0.5,8,4,6,12,1.48
AR,b,2001,110+,0.68753,1.00000,1.45,4,4,6,6,1.45
AR,b,2002,0,0.00842,0.00835,0.07,100000,835,99225,7482489,74.82
AR,b,2002,1,0.00065,0.00065,0.5,99165,65,99133,7383265,74.45
AR,b,2002,2,0.00044,0.00044,0.5,99100,44,99078,7284132,73.50
AR,b,2002,3,0.00019,0.00019,0.5,99057,19,99047,7185054,72.53
AR,b,2002,4,0.00030,0.00030,0.5,99038,30,99023,7086006,71.55
AR,b,2002,5,0.00030,0.00030,0.5,99008,30,98993,6986984,70.57
AR,b,2002,6,0.00022,0.00022,0.5,98978,22,98967,6887991,69.59
AR,b,2002,7,0.00011,0.00011,0.5,98956,11,98950,6789024,68.61
AR,b,2002,8,0.00025,0.00025,0.5,98945,24,98933,6690074,67.61
AR,b,2002,9,0.00016,0.00016,0.5,98921,16,98913,6591141,66.63
AR,b,2002,10,0.00023,0.00023,0.5,98905,23,98893,6492229,65.64
AR,b,2002,11,0.00018,0.00018,0.5,98882,18,98873,6393335,64.66
AR,b,2002,12,0.00028,0.00028,0.5,98864,27,98850,6294462,63.67
AR,b,2002,13,0.00041,0.00041,0.5,98837,40,98817,6195612,62.69
AR,b,2002,14,0.00041,0.00041,0.5,98796,41,98776,6096795,61.71
AR,b,2002,15,0.00044,0.00044,0.5,98755,43,98734,5998019,60.74
AR,b,2002,16,0.00119,0.00119,0.5,98712,117,98653,5899286,59.76
AR,b,2002,17,0.00096,0.00096,0.5,98595,94,98547,5800633,58.83
AR,b,2002,18,0.00104,0.00104,0.5,98500,102,98449,5702085,57.89
AR,b,2002,19,0.00109,0.00109,0.5,98398,107,98344,5603636,56.95
AR,b,2002,20,0.00125,0.00125,0.5,98291,123,98229,5505292,56.01
AR,b,2002,21,0.00147,0.00147,0.5,98167,144,98095,5407063,55.08
AR,b,2002,22,0.00124,0.00124,0.5,98023,122,97963,5308967,54.16
AR,b,2002,23,0.00150,0.00150,0.5,97902,147,97828,5211005,53.23
AR,b,2002,24,0.00144,0.00144,0.5,97755,141,97684,5113176,52.31
AR,b,2002,25,0.00144,0.00144,0.5,97614,140,97544,5015492,51.38
AR,b,2002,26,0.00133,0.00133,0.5,97474,130,97409,4917948,50.45
AR,b,2002,27,0.00164,0.00164,0.5,97344,160,97264,4820540,49.52
AR,b,2002,28,0.00148,0.00148,0.5,97184,144,97112,4723276,48.60
AR,b,2002,29,0.00127,0.00127,0.5,97040,123,96978,4626164,47.67
AR,b,2002,30,0.00159,0.00159,0.5,96917,154,96840,4529186,46.73
AR,b,2002,31,0.00172,0.00172,0.5,96763,167,96679,4432346,45.81
AR,b,2002,32,0.00157,0.00157,0.5,96596,152,96520,4335666,44.88
AR,b,2002,33,0.00153,0.00153,0.5,96444,148,96370,4239146,43.95
AR,b,2002,34,0.00140,0.00140,0.5,96297,135,96229,4142776,43.02
AR,b,2002,35,0.00196,0.00196,0.5,96162,188,96068,4046547,42.08
AR,b,2002,36,0.00244,0.00243,0.5,95974,233,95857,3950479,41.16
AR,b,2002,37,0.00200,0.00200,0.5,95740,192,95645,3854621,40.26
AR,b,2002,38,0.00237,0.00237,0.5,95549,226,95436,3758977,39.34
AR,b,2002,39,0.00232,0.00231,0.5,95323,220,95212,3663541,38.43
AR,b,2002,40,0.00260,0.00260,0.5,95102,247,94979,3568329,37.52
AR,b,2002,41,0.00293,0.00292,0.5,94855,277,94717,3473350,36.62
AR,b,2002,42,0.00307,0.00307,0.5,94578,290,94433,3378633,35.72
AR,b,2002,43,0.00342,0.00341,0.5,94288,322,94127,3284200,34.83
AR,b,2002,44,0.00385,0.00385,0.5,93967,362,93786,3190072,33.95
AR,b,2002,45,0.00404,0.00403,0.5,93605,377,93416,3096287,33.08
AR,b,2002,46,0.00414,0.00413,0.5,93228,385,93035,3002870,32.21
AR,b,2002,47,0.00416,0.00415,0.5,92843,386,92650,2909835,31.34
AR,b,2002,48,0.00475,0.00474,0.5,92457,438,92238,2817185,30.47
AR,b,2002,49,0.00487,0.00486,0.5,92018,447,91795,2724948,29.61
AR,b,2002,50,0.00570,0.00568,0.5,91571,521,91311,2633153,28.76
AR,b,2002,51,0.00609,0.00607,0.5,91051,552,90775,2541842,27.92
AR,b,2002,52,0.00632,0.00630,0.5,90498,570,90213,2451067,27.08
AR,b,2002,53,0.00617,0.00615,0.5,89929,553,89652,2360854,26.25
AR,b,2002,54,0.00785,0.00782,0.5,89375,699,89026,2271202,25.41
AR,b,2002,55,0.00825,0.00822,0.5,88676,729,88312,2182176,24.61
AR,b,2002,56,0.00863,0.00859,0.5,87947,756,87569,2093864,23.81
AR,b,2002,57,0.00937,0.00933,0.5,87192,813,86785,2006295,23.01
AR,b,2002,58,0.01140,0.01133,0.5,86378,979,85889,1919510,22.22
AR,b,2002,59,0.01193,0.01186,0.5,85399,1013,84893,1833621,21.47
AR,b,2002,60,0.01170,0.01163,0.5,84386,982,83896,1748728,20.72
AR,b,2002,61,0.01195,0.01187,0.5,83405,990,82910,1664832,19.96
AR,b,2002,62,0.01571,0.01559,0.5,82414,1285,81772,1581923,19.19
AR,b,2002,63,0.01594,0.01581,0.5,81130,1283,80488,1500151,18.49
AR,b,2002,64,0.01716,0.01702,0.5,79847,1359,79168,1419662,17.78
AR,b,2002,65,0.01704,0.01690,0.5,78488,1326,77825,1340495,17.08
AR,b,2002,66,0.01897,0.01879,0.5,77162,1450,76437,1262670,16.36
AR,b,2002,67,0.02220,0.02196,0.5,75712,1662,74881,1186232,15.67
AR,b,2002,68,0.02271,0.02245,0.5,74050,1663,73219,1111351,15.01
AR,b,2002,69,0.02265,0.02240,0.5,72387,1621,71577,1038133,14.34
AR,b,2002,70,0.02917,0.02875,0.5,70766,2035,69749,966556,13.66
AR,b,2002,71,0.02995,0.02950,0.5,68731,2028,67718,896807,13.05
AR,b,2002,72,0.03147,0.03098,0.5,66704,2067,65670,829089,12.43
AR,b,2002,73,0.03600,0.03537,0.5,64637,2286,63494,763419,11.81
AR,b,2002,74,0.03545,0.03484,0.5,62351,2172,61265,699925,11.23
AR,b,2002,75,0.03991,0.03913,0.5,60179,2355,59001,638660,10.61
AR,b,2002,76,0.04570,0.04468,0.5,57824,2583,56532,579659,10.02
AR,b,2002,77,0.05091,0.04964,0.5,55241,2742,53869,523126,9.47
AR,b,2002,78,0.05244,0.05110,0.5,52498,2683,51157,469257,8.94
AR,b,2002,79,0.05732,0.05572,0.5,49816,2776,48428,418100,8.39
AR,b,2002,80,0.06733,0.06514,0.5,47040,3064,45508,369672,7.86
AR,b,2002,81,0.07614,0.07335,0.5,43976,3226,42363,324164,7.37
AR,b,2002,82,0.08800,0.08429,0.5,40750,3435,39033,281801,6.92
AR,b,2002,83,0.09273,0.08862,0.5,37316,3307,35662,242768,6.51
AR,b,2002,84,0.09985,0.09510,0.5,34008,3234,32391,207106,6.09
AR,b,2002,85,0.11521,0.10894,0.5,30774,3352,29098,174715,5.68
AR,b,2002,86,0.12633,0.11883,0.5,27422,3258,25792,145617,5.31
AR,b,2002,87,0.14139,0.13205,0.5,24163,3191,22568,119825,4.96
AR,b,2002,88,0.15219,0.14143,0.5,20972,2966,19489,97257,4.64
AR,b,2002,89,0.17575,0.16155,0.5,18006,2909,16552,77768,4.32
AR,b,2002,90,0.17383,0.15993,0.5,15097,2415,13890,61216,4.05
AR,b,2002,91,0.20651,0.18718,0.5,12683,2374,11496,47326,3.73
AR,b,2002,92,0.24130,0.21532,0.5,10309,2220,9199,35830,3.48
AR,b,2002,93,0.24438,0.21777,0.5,8089,1762,7208,26631,3.29
AR,b,2002,94,0.26875,0.23692,0.5,6328,1499,5578,19422,3.07
AR,b,2002,95,0.29543,0.25741,0.5,4829,1243,4207,13844,2.87
AR,b,2002,96,0.32069,0.27638,0.5,3586,991,3090,9637,2.69
AR,b,2002,97,0.34707,0.29575,0.5,2595,767,2211,6547,2.52
AR,b,2002,98,0.37444,0.31540,0.5,1827,576,1539,4336,2.37
AR,b,2002,99,0.40268,0.33519,0.5,1251,419,1041,2797,2.24
AR,b,2002,100,0.43160,0.35499,0.5,832,295,684,1756,2.11
AR,b,2002,101,0.46103,0.37466,0.5,536,201,436,1072,2.00
AR,b,2002,102,0.49076,0.39406,0.5,335,132,269,636,1.89
AR,b,2002,103,0.52060,0.41307,0.5,203,84,161,366,1.80
AR,b,2002,104,0.55032,0.43157,0.5,119,51,94,205,1.72
AR,b,2002,105,0.57973,0.44945,0.5,68,30,53,111,1.64
AR,b,2002,106,0.60861,0.46662,0.5,37,17,29,59,1.58
AR,b,2002,107,0.63679,0.48300,0.5,20,10,15,30,1.52
AR,b,2002,108,0.66409,0.49855,0.5,10,5,8,15,1.46
AR,b,2002,109,0.69036,0.51321,0.5,5,3,4,7,1.42
AR,b,2002,110+,0.71549,1.00000,1.4,3,3,4,4,1.40
AR,b,2003,0,0.00875,0.00868,0.07,100000,868,99195,7515002,75.15
AR,b,2003,1,0.00073,0.00073,0.5,99132,72,99096,7415807,74.81
AR,b,2003,2,0.00057,0.00057,0.5,99060,56,99031,7316711,73.86
AR,b,2003,3,0.00033,0.00033,0.5,99003,32,98987,7217680,72.90
AR,b,2003,4,0.00022,0.00022,0.5,98971,22,98960,7118693,71.93
AR,b,2003,5,0.00019,0.00019,0.5,98949,19,98940,7019733,70.94
AR,b,2003,6,0.00022,0.00022,0.5,98930,22,98919,6920793,69.96
AR,b,2003,7,0.00011,0.00011,0.5,98909,11,98903,6821874,68.97
AR,b,2003,8,0.00014,0.00014,0.5,98898,14,98891,6722971,67.98
AR,b,2003,9,0.00016,0.00016,0.5,98884,16,98876,6624080,66.99
AR,b,2003,10,0.00011,0.00011,0.5,98868,10,98863,6525204,66.00
AR,b,2003,11,0.00021,0.00021,0.5,98858,20,98847,6426341,65.01
AR,b,2003,12,0.00028,0.00028,0.5,98837,27,98824,6327493,64.02
AR,b,2003,13,0.00023,0.00023,0.5,98810,22,98799,6228670,63.04
AR,b,2003,14,0.00033,0.00033,0.5,98788,33,98771,6129871,62.05
AR,b,2003,15,0.00041,0.00041,0.5,98755,41,98734,6031100,61.07
AR,b,2003,16,0.00064,0.00064,0.5,98714,63,98683,5932366,60.10
AR,b,2003,17,0.00071,0.00071,0.5,98651,70,98616,5833683,59.13
AR,b,2003,18,0.00116,0.00116,0.5,98581,114,98524,5735067,58.18
AR,b,2003,19,0.00130,0.00129,0.5,98467,127,98403,5636543,57.24
AR,b,2003,20,0.00120,0.00120,0.5,98339,118,98281,5538140,56.32
AR,b,2003,21,0.00153,0.00153,0.5,98222,150,98147,5439859,55.38
AR,b,2003,22,0.00099,0.00098,0.5,98071,97,98023,5341713,54.47
AR,b,2003,23,0.00149,0.00149,0.5,97975,146,97902,5243689,53.52
AR,b,2003,24,0.00148,0.00148,0.5,97829,144,97757,5145787,52.60
AR,b,2003,25,0.00111,0.00111,0.5,97685,108,97631,5048030,51.68
AR,b,2003,26,0.00153,0.00153,0.5,97577,149,97502,4950399,50.73
AR,b,2003,27,0.00134,0.00133,0.5,97428,130,97363,4852897,49.81
AR,b,2003,28,0.00118,0.00118,0.5,97298,115,97241,4755534,48.88
AR,b,2003,29,0.00165,0.00165,0.5,97183,160,97103,4658294,47.93
AR,b,2003,30,0.00129,0.00129,0.5,97023,125,96960,4561191,47.01
AR,b,2003,31,0.00156,0.00156,0.5,96898,151,96822,4464230,46.07
AR,b,2003,32,0.00163,0.00162,0.5,96747,157,96668,4367408,45.14
AR,b,2003,33,0.00162,0.00162,0.5,96589,156,96511,4270740,44.22
AR,b,2003,34,0.00148,0.00148,0.5,96433,142,96362,4174229,43.29
AR,b,2003,35,0.00181,0.00181,0.5,96291,174,96204,4077866,42.35
AR,b,2003,36,0.00187,0.00187,0.5,96117,180,96027,3981662,41.43
AR,b,2003,37,0.00243,0.00243,0.5,95937,233,95820,3885636,40.50
AR,b,2003,38,0.00253,0.00253,0.5,95704,242,95583,3789815,39.60
AR,b,2003,39,0.00204,0.00204,0.5,95462,195,95365,3694233,38.70
AR,b,2003,40,0.00313,0.00312,0.5,95267,298,95118,3598868,37.78
AR,b,2003,41,0.00242,0.00242,0.5,94970,230,94855,3503750,36.89
AR,b,2003,42,0.00295,0.00294,0.5,94740,279,94600,3408895,35.98
AR,b,2003,43,0.00336,0.00336,0.5,94461,317,94302,3314295,35.09
AR,b,2003,44,0.00328,0.00327,0.5,94144,308,93989,3219993,34.20
AR,b,2003,45,0.00447,0.00446,0.5,93835,419,93626,3126003,33.31
AR,b,2003,46,0.00485,0.00484,0.5,93417,452,93191,3032377,32.46
AR,b,2003,47,0.00395,0.00394,0.5,92965,366,92782,2939186,31.62
AR,b,2003,48,0.00523,0.00522,0.5,92599,483,92357,2846405,30.74
AR,b,2003,49,0.00559,0.00557,0.5,92116,513,91859,2754048,29.90
AR,b,2003,50,0.00648,0.00646,0.5,91603,592,91307,2662189,29.06
AR,b,2003,51,0.00589,0.00587,0.5,91011,534,90744,2570882,28.25
AR,b,2003,52,0.00596,0.00594,0.5,90477,538,90208,2480138,27.41
AR,b,2003,53,0.00632,0.00630,0.5,89939,566,89656,2389930,26.57
AR,b,2003,54,0.00784,0.00781,0.5,89373,698,89024,2300274,25.74
AR,b,2003,55,0.00715,0.00712,0.5,88675,632,88359,2211251,24.94
AR,b,2003,56,0.00890,0.00886,0.5,88043,780,87653,2122892,24.11
AR,b,2003,57,0.00936,0.00932,0.5,87263,813,86856,2035239,23.32
AR,b,2003,58,0.01003,0.00998,0.5,86450,863,86018,1948383,22.54
AR,b,2003,59,0.01113,0.01107,0.5,85587,947,85114,1862365,21.76
AR,b,2003,60,0.01328,0.01320,0.5,84640,1117,84082,1777251,21.00
AR,b,2003,61,0.01366,0.01357,0.5,83523,1133,82956,1693170,20.27
AR,b,2003,62,0.01344,0.01335,0.5,82390,1100,81840,1610213,19.54
AR,b,2003,63,0.01529,0.01517,0.5,81290,1233,80673,1528374,18.80
AR,b,2003,64,0.01593,0.01580,0.5,80056,1265,79424,1447701,18.08
AR,b,2003,65,0.01749,0.01734,0.5,78791,1366,78108,1368277,17.37
AR,b,2003,66,0.01813,0.01796,0.5,77426,1391,76730,1290168,16.66
AR,b,2003,67,0.02021,0.02001,0.5,76035,1521,75274,1213438,15.96
AR,b,2003,68,0.02225,0.02201,0.5,74513,1640,73694,1138164,15.27
AR,b,2003,69,0.02374,0.02346,0.5,72874,1709,72019,1064471,14.61
AR,b,2003,70,0.02663,0.02628,0.5,71164,1870,70229,992452,13.95
AR,b,2003,71,0.02687,0.02652,0.5,69294,1837,68376,922222,13.31
AR,b,2003,72,0.03238,0.03186,0.5,67457,2149,66382,853847,12.66
AR,b,2003,73,0.03199,0.03148,0.5,65307,2056,64279,787465,12.06
AR,b,2003,74,0.03296,0.03243,0.5,63251,2051,62226,723185,11.43
AR,b,2003,75,0.03875,0.03801,0.5,61200,2327,60037,660959,10.80
AR,b,2003,76,0.04500,0.04401,0.5,58874,2591,57578,600922,10.21
AR,b,2003,77,0.04912,0.04794,0.5,56283,2698,54934,543344,9.65
AR,b,2003,78,0.05021,0.04898,0.5,53585,2625,52272,488410,9.11
AR,b,2003,79,0.05527,0.05378,0.5,50960,2741,49590,436138,8.56
AR,b,2003,80,0.06708,0.06490,0.5,48219,3130,46655,386548,8.02
AR,b,2003,81,0.07513,0.07241,0.5,45090,3265,43457,339893,7.54
AR,b,2003,82,0.08212,0.07888,0.5,41825,3299,40175,296436,7.09
AR,b,2003,83,0.09242,0.08834,0.5,38526,3403,36824,256261,6.65
AR,b,2003,84,0.09689,0.09242,0.5,35122,3246,33499,219437,6.25
AR,b,2003,85,0.11045,0.10467,0.5,31876,3336,30208,185938,5.83
AR,b,2003,86,0.12361,0.11641,0.5,28540,3322,26879,155729,5.46
AR,b,2003,87,0.13250,0.12427,0.5,25218,3134,23651,128851,5.11
AR,b,2003,88,0.14927,0.13891,0.5,22084,3068,20550,105200,4.76
AR,b,2003,89,0.15577,0.14452,0.5,19016,2748,17642,84650,4.45
AR,b,2003,90,0.17381,0.15991,0.5,16268,2601,14967,67008,4.12
AR,b,2003,91,0.20325,0.18450,0.5,13667,2522,12406,52040,3.81
AR,b,2003,92,0.21471,0.19389,0.5,11145,2161,10065,39634,3.56
AR,b,2003,93,0.26455,0.23365,0.5,8984,2099,7935,29570,3.29
AR,b,2003,94,0.26195,0.23161,0.5,6885,1595,6088,21635,3.14
AR,b,2003,95,0.28566,0.24996,0.5,5290,1322,4629,15548,2.94
AR,b,2003,96,0.31068,0.26891,0.5,3968,1067,3434,10918,2.75
AR,b,2003,97,0.33694,0.28836,0.5,2901,837,2483,7484,2.58
AR,b,2003,98,0.36432,0.30818,0.5,2064,636,1746,5001,2.42
AR,b,2003,99,0.39269,0.32824,0.5,1428,469,1194,3255,2.28
AR,b,2003,100,0.42187,0.34838,0.5,959,334,792,2061,2.15
AR,b,2003,101,0.45167,0.36846,0.5,625,230,510,1269,2.03
AR,b,2003,102,0.48190,0.38833,0.5,395,153,318,759,1.92
AR,b,2003,103,0.51233,0.40785,0.5,241,98,192,441,1.82
AR,b,2003,104,0.54273,0.42689,0.5,143,61,112,248,1.74
AR,b,2003,105,0.57288,0.44532,0.5,82,36,64,136,1.66
AR,b,2003,106,0.60255,0.46304,0.5,45,21,35,72,1.59
AR,b,2003,107,0.63153,0.47997,0.5,24,12,19,37,1.53
AR,b,2003,108,0.65963,0.49603,0.5,13,6,10,19,1.47
AR,b,2003,109,0.68670,0.51119,0.5,6,3,5,9,1.43
AR,b,2003,110+,0.71259,1.00000,1.4,3,3,4,4,1.40
AR,b,2004,0,0.00845,0.00838,0.07,100000,838,99222,7526491,75.26
AR,b,2004,1,0.00091,0.00091,0.5,99162,91,99117,7427269,74.90
AR,b,2004,2,0.00062,0.00062,0.5,99071,61,99041,7328152,73.97
AR,b,2004,3,0.00029,0.00029,0.5,99010,29,98996,7229111,73.01
AR,b,2004,4,0.00024,0.00024,0.5,98981,24,98969,7130116,72.04
AR,b,2004,5,0.00033,0.00033,0.5,98957,32,98941,7031147,71.05
AR,b,2004,6,0.00022,0.00022,0.5,98925,22,98914,6932206,70.08
AR,b,2004,7,0.00030,0.00030,0.5,98903,29,98889,6833292,69.09
AR,b,2004,8,0.00022,0.00022,0.5,98874,22,98863,6734403,68.11
AR,b,2004,9,0.00027,0.00027,0.5,98852,27,98839,6635540,67.13
AR,b,2004,10,0.00021,0.00021,0.5,98825,21,98815,6536701,66.14
AR,b,2004,11,0.00024,0.00024,0.5,98804,23,98793,6437886,65.16
AR,b,2004,12,0.00013,0.00013,0.5,98781,13,98775,6339093,64.17
AR,b,2004,13,0.00035,0.00035,0.5,98769,35,98751,6240318,63.18
AR,b,2004,14,0.00038,0.00038,0.5,98734,37,98715,6141567,62.20
AR,b,2004,15,0.00033,0.00033,0.5,98697,33,98681,6042852,61.23
AR,b,2004,16,0.00106,0.00106,0.5,98664,105,98612,5944171,60.25
AR,b,2004,17,0.00092,0.00092,0.5,98559,90,98514,5845559,59.31
AR,b,2004,18,0.00116,0.00116,0.5,98469,114,98412,5747045,58.36
AR,b,2004,19,0.00113,0.00113,0.5,98355,111,98300,5648633,57.43
AR,b,2004,20,0.00116,0.00116,0.5,98244,114,98187,5550333,56.50
AR,b,2004,21,0.00119,0.00119,0.5,98130,117,98071,5452146,55.56
AR,b,2004,22,0.00122,0.00122,0.5,98013,119,97953,5354075,54.63
AR,b,2004,23,0.00126,0.00126,0.5,97893,123,97832,5256122,53.69
AR,b,2004,24,0.00131,0.00131,0.5,97770,128,97706,5158290,52.76
AR,b,2004,25,0.00116,0.00115,0.5,97642,113,97586,5060584,51.83
AR,b,2004,26,0.00127,0.00127,0.5,97529,124,97467,4962998,50.89
AR,b,2004,27,0.00201,0.00200,0.5,97405,195,97308,4865531,49.95
AR,b,2004,28,0.00154,0.00154,0.5,97210,150,97135,4768223,49.05
AR,b,2004,29,0.00153,0.00153,0.5,97060,148,96986,4671088,48.13
AR,b,2004,30,0.00121,0.00121,0.5,96912,118,96853,4574102,47.20
AR,b,2004,31,0.00152,0.00152,0.5,96794,147,96721,4477249,46.26
AR,b,2004,32,0.00213,0.00212,0.5,96648,205,96545,4380527,45.32
AR,b,2004,33,0.00172,0.00171,0.5,96443,165,96360,4283982,44.42
AR,b,2004,34,0.00186,0.00186,0.5,96277,179,96188,4187623,43.50
AR,b,2004,35,0.00203,0.00203,0.5,96098,195,96000,4091435,42.58
AR,b,2004,36,0.00184,0.00184,0.5,95903,177,95815,3995434,41.66
AR,b,2004,37,0.00227,0.00227,0.5,95726,217,95618,3899620,40.74
AR,b,2004,38,0.00197,0.00196,0.5,95509,188,95415,3804002,39.83
AR,b,2004,39,0.00211,0.00211,0.5,95321,201,95221,3708587,38.91
AR,b,2004,40,0.00265,0.00265,0.5,95121,252,94995,3613366,37.99
AR,b,2004,41,0.00287,0.00287,0.5,94869,272,94733,3518371,37.09
AR,b,2004,42,0.00331,0.00331,0.5,94597,313,94440,3423639,36.19
AR,b,2004,43,0.00346,0.00346,0.5,94284,326,94121,3329198,35.31
AR,b,2004,44,0.00343,0.00342,0.5,93958,322,93797,3235078,34.43
AR,b,2004,45,0.00348,0.00347,0.5,93636,325,93474,3141281,33.55
AR,b,2004,46,0.00456,0.00455,0.5,93311,424,93099,3047807,32.66
AR,b,2004,47,0.00530,0.00529,0.5,92887,491,92641,2954708,31.81
AR,b,2004,48,0.00528,0.00526,0.5,92395,486,92152,2862067,30.98
AR,b,2004,49,0.00570,0.00568,0.5,91909,522,91648,2769915,30.14
AR,b,2004,50,0.00552,0.00550,0.5,91387,503,91135,2678267,29.31
AR,b,2004,51,0.00656,0.00653,0.5,90884,594,90587,2587132,28.47
AR,b,2004,52,0.00647,0.00645,0.5,90290,582,89999,2496545,27.65
AR,b,2004,53,0.00693,0.00690,0.5,89708,619,89398,2406546,26.83
AR,b,2004,54,0.00677,0.00675,0.5,89089,601,88788,2317148,26.01
AR,b,2004,55,0.00782,0.00779,0.5,88488,689,88143,2228360,25.18
AR,b,2004,56,0.00769,0.00766,0.5,87799,673,87462,2140217,24.38
AR,b,2004,57,0.00931,0.00927,0.5,87126,808,86722,2052755,23.56
AR,b,2004,58,0.00997,0.00992,0.5,86318,856,85890,1966033,22.78
AR,b,2004,59,0.01132,0.01125,0.5,85462,962,84981,1880143,22.00
AR,b,2004,60,0.01343,0.01335,0.5,84500,1128,83936,1795162,21.24
AR,b,2004,61,0.01352,0.01343,0.5,83372,1120,82813,1711225,20.53
AR,b,2004,62,0.01399,0.01389,0.5,82253,1143,81682,1628413,19.80
AR,b,2004,63,0.01470,0.01459,0.5,81110,1184,80518,1546731,19.07
AR,b,2004,64,0.01636,0.01623,0.5,79927,1297,79278,1466213,18.34
AR,b,2004,65,0.01744,0.01728,0.5,78630,1359,77950,1386935,17.64
AR,b,2004,66,0.01891,0.01873,0.5,77271,1447,76547,1308985,16.94
AR,b,2004,67,0.01892,0.01874,0.5,75823,1421,75113,1232438,16.25
AR,b,2004,68,0.02133,0.02110,0.5,74402,1570,73617,1157325,15.55
AR,b,2004,69,0.02221,0.02196,0.5,72832,1600,72032,1083708,14.88
AR,b,2004,70,0.02554,0.02521,0.5,71233,1796,70335,1011675,14.20
AR,b,2004,71,0.02806,0.02767,0.5,69436,1922,68476,941341,13.56
AR,b,2004,72,0.02883,0.02842,0.5,67515,1919,66556,872865,12.93
AR,b,2004,73,0.03279,0.03226,0.5,65596,2116,64538,806309,12.29
AR,b,2004,74,0.03473,0.03413,0.5,63480,2167,62396,741771,11.69
AR,b,2004,75,0.03492,0.03432,0.5,61313,2105,60261,679375,11.08
AR,b,2004,76,0.04423,0.04327,0.5,59209,2562,57927,619114,10.46
AR,b,2004,77,0.04601,0.04498,0.5,56646,2548,55372,561187,9.91
AR,b,2004,78,0.05052,0.04927,0.5,54099,2666,52766,505814,9.35
AR,b,2004,79,0.05127,0.04999,0.5,51433,2571,50147,453048,8.81
AR,b,2004,80,0.06424,0.06224,0.5,48862,3041,47341,402901,8.25
AR,b,2004,81,0.07285,0.07029,0.5,45821,3221,44211,355559,7.76
AR,b,2004,82,0.07997,0.07690,0.5,42600,3276,40962,311349,7.31
AR,b,2004,83,0.08546,0.08196,0.5,39324,3223,37713,270387,6.88
AR,b,2004,84,0.09522,0.09089,0.5,36101,3281,34461,232674,6.44
AR,b,2004,85,0.10309,0.09803,0.5,32820,3217,31211,198213,6.04
AR,b,2004,86,0.11174,0.10582,0.5,29603,3133,28036,167002,5.64
AR,b,2004,87,0.12424,0.11697,0.5,26470,3096,24922,138965,5.25
AR,b,2004,88,0.14786,0.13769,0.5,23374,3218,21765,114044,4.88
AR,b,2004,89,0.15906,0.14734,0.5,20156,2970,18671,92279,4.58
AR,b,2004,90,0.16574,0.15305,0.5,17186,2630,15871,73608,4.28
AR,b,2004,91,0.19271,0.17578,0.5,14555,2558,13276,57738,3.97
AR,b,2004,92,0.21258,0.19215,0.5,11997,2305,10844,44462,3.71
AR,b,2004,93,0.23625,0.21129,0.5,9692,2048,8668,33617,3.47
AR,b,2004,94,0.25071,0.22278,0.5,7644,1703,6792,24950,3.26
AR,b,2004,95,0.27311,0.24029,0.5,5941,1428,5227,18157,3.06
AR,b,2004,96,0.29673,0.25839,0.5,4513,1166,3930,12930,2.86
AR,b,2004,97,0.32150,0.27698,0.5,3347,927,2884,9000,2.69
AR,b,2004,98,0.34735,0.29595,0.5,2420,716,2062,6116,2.53
AR,b,2004,99,0.37414,0.31518,0.5,1704,537,1435,4054,2.38
AR,b,2004,100,0.40175,0.33455,0.5,1167,390,972,2619,2.24
AR,b,2004,101,0.43002,0.35393,0.5,776,275,639,1647,2.12
AR,b,2004,102,0.45879,0.37318,0.5,502,187,408,1008,2.01
AR,b,2004,103,0.48785,0.39219,0.5,314,123,253,600,1.91
AR,b,2004,104,0.51703,0.41082,0.5,191,79,152,347,1.82
AR,b,2004,105,0.54612,0.42898,0.5,113,48,88,195,1.73
AR,b,2004,106,0.57492,0.44655,0.5,64,29,50,107,1.66
AR,b,2004,107,0.60325,0.46346,0.5,36,16,27,57,1.59
AR,b,2004,108,0.63093,0.47962,0.5,19,9,15,29,1.54
AR,b,2004,109,0.65780,0.49500,0.5,10,5,7,15,1.49
AR,b,2004,110+,0.68372,1.00000,1.46,5,5,7,7,1.46
AR,b,2005,0,0.00798,0.00792,0.07,100000,792,99264,7534178,75.34
AR,b,2005,1,0.00085,0.00085,0.5,99208,84,99166,7434915,74.94
AR,b,2005,2,0.00048,0.00048,0.5,99124,48,99100,7335749,74.01
AR,b,2005,3,0.00037,0.00037,0.5,99076,37,99058,7236649,73.04
AR,b,2005,4,0.00019,0.00019,0.5,99040,18,99030,7137591,72.07
AR,b,2005,5,0.00035,0.00035,0.5,99021,34,99004,7038561,71.08
AR,b,2005,6,0.00013,0.00013,0.5,98987,13,98980,6939557,70.11
AR,b,2005,7,0.00019,0.00019,0.5,98974,19,98964,6840577,69.12
AR,b,2005,8,0.00019,0.00019,0.5,98955,19,98946,6741612,68.13
AR,b,2005,9,0.00021,0.00021,0.5,98936,21,98926,6642667,67.14
AR,b,2005,10,0.00008,0.00008,0.5,98915,8,98911,6543741,66.16
AR,b,2005,11,0.00016,0.00016,0.5,98907,16,98899,6444830,65.16
AR,b,2005,12,0.00008,0.00008,0.5,98892,8,98888,6345930,64.17
AR,b,2005,13,0.00033,0.00033,0.5,98884,32,98868,6247042,63.18
AR,b,2005,14,0.00035,0.00035,0.5,98852,35,98834,6148175,62.20
AR,b,2005,15,0.00060,0.00060,0.5,98817,59,98787,6049340,61.22
AR,b,2005,16,0.00072,0.00072,0.5,98758,71,98722,5950553,60.25
AR,b,2005,17,0.00083,0.00083,0.5,98687,82,98646,5851830,59.30
AR,b,2005,18,0.00118,0.00118,0.5,98605,117,98546,5753185,58.35
AR,b,2005,19,0.00132,0.00132,0.5,98488,130,98423,5654638,57.41
AR,b,2005,20,0.00130,0.00130,0.5,98358,128,98294,5556216,56.49
AR,b,2005,21,0.00168,0.00168,0.5,98230,165,98148,5457922,55.56
AR,b,2005,22,0.00139,0.00139,0.5,98065,137,97997,5359774,54.66
AR,b,2005,23,0.00145,0.00145,0.5,97929,142,97858,5261777,53.73
AR,b,2005,24,0.00128,0.00128,0.5,97786,125,97724,5163920,52.81
AR,b,2005,25,0.00130,0.00130,0.5,97661,127,97598,5066196,51.88
AR,b,2005,26,0.00118,0.00118,0.5,97534,115,97477,4968598,50.94
AR,b,2005,27,0.00151,0.00151,0.5,97419,147,97346,4871122,50.00
AR,b,2005,28,0.00136,0.00136,0.5,97272,132,97206,4773776,49.08
AR,b,2005,29,0.00101,0.00101,0.5,97140,98,97091,4676570,48.14
AR,b,2005,30,0.00164,0.00164,0.5,97042,159,96962,4579479,47.19
AR,b,2005,31,0.00171,0.00171,0.5,96883,166,96800,4482517,46.27
AR,b,2005,32,0.00177,0.00176,0.5,96717,171,96632,4385717,45.35
AR,b,2005,33,0.00162,0.00162,0.5,96546,156,96468,4289085,44.43
AR,b,2005,34,0.00146,0.00146,0.5,96390,141,96320,4192617,43.50
AR,b,2005,35,0.00150,0.00150,0.5,96249,144,96177,4096297,42.56
AR,b,2005,36,0.00170,0.00170,0.5,96105,163,96023,4000120,41.62
AR,b,2005,37,0.00209,0.00209,0.5,95942,200,95842,3904097,40.69
AR,b,2005,38,0.00243,0.00243,0.5,95741,233,95625,3808255,39.78
AR,b,2005,39,0.00256,0.00255,0.5,95509,244,95387,3712630,38.87
AR,b,2005,40,0.00296,0.00295,0.5,95265,281,95124,3617244,37.97
AR,b,2005,41,0.00256,0.00256,0.5,94984,243,94862,3522119,37.08
AR,b,2005,42,0.00313,0.00313,0.5,94740,296,94592,3427257,36.18
AR,b,2005,43,0.00328,0.00327,0.5,94444,309,94290,3332665,35.29
AR,b,2005,44,0.00390,0.00390,0.5,94135,367,93952,3238375,34.40
AR,b,2005,45,0.00371,0.00371,0.5,93769,347,93595,3144423,33.53
AR,b,2005,46,0.00391,0.00390,0.5,93421,364,93239,3050828,32.66
AR,b,2005,47,0.00487,0.00486,0.5,93057,452,92831,2957589,31.78
AR,b,2005,48,0.00489,0.00488,0.5,92605,452,92379,2864758,30.94
AR,b,2005,49,0.00499,0.00498,0.5,92153,459,91924,2772379,30.08
AR,b,2005,50,0.00596,0.00594,0.5,91694,545,91422,2680455,29.23
AR,b,2005,51,0.00634,0.00632,0.5,91150,576,90861,2589033,28.40
AR,b,2005,52,0.00706,0.00704,0.5,90573,637,90255,2498172,27.58
AR,b,2005,53,0.00716,0.00713,0.5,89936,641,89615,2407917,26.77
AR,b,2005,54,0.00750,0.00747,0.5,89294,667,88961,2318302,25.96
AR,b,2005,55,0.00799,0.00796,0.5,88627,706,88274,2229341,25.15
AR,b,2005,56,0.00936,0.00932,0.5,87922,819,87512,2141067,24.35
AR,b,2005,57,0.00903,0.00899,0.5,87102,783,86711,2053555,23.58
AR,b,2005,58,0.01102,0.01095,0.5,86320,946,85847,1966844,22.79
AR,b,2005,59,0.00931,0.00927,0.5,85374,791,84978,1880997,22.03
AR,b,2005,60,0.01218,0.01211,0.5,84583,1024,84071,1796019,21.23
AR,b,2005,61,0.01237,0.01230,0.5,83559,1028,83045,1711948,20.49
AR,b,2005,62,0.01401,0.01391,0.5,82531,1148,81957,1628903,19.74
AR,b,2005,63,0.01566,0.01553,0.5,81383,1264,80751,1546946,19.01
AR,b,2005,64,0.01623,0.01609,0.5,80119,1289,79474,1466195,18.30
AR,b,2005,65,0.01772,0.01756,0.5,78829,1385,78137,1386721,17.59
AR,b,2005,66,0.01883,0.01865,0.5,77445,1444,76722,1308584,16.90
AR,b,2005,67,0.02087,0.02065,0.5,76000,1570,75215,1231861,16.21
AR,b,2005,68,0.02211,0.02187,0.5,74431,1628,73617,1156646,15.54
AR,b,2005,69,0.02229,0.02205,0.5,72803,1605,72000,1083029,14.88
AR,b,2005,70,0.02654,0.02619,0.5,71198,1865,70265,1011029,14.20
AR,b,2005,71,0.02627,0.02593,0.5,69333,1798,68434,940763,13.57
AR,b,2005,72,0.02939,0.02897,0.5,67535,1956,66557,872329,12.92
AR,b,2005,73,0.03234,0.03182,0.5,65579,2087,64535,805772,12.29
AR,b,2005,74,0.03520,0.03459,0.5,63492,2196,62394,741237,11.67
AR,b,2005,75,0.03534,0.03472,0.5,61296,2128,60232,678843,11.07
AR,b,2005,76,0.03977,0.03900,0.5,59167,2307,58014,618611,10.46
AR,b,2005,77,0.04560,0.04459,0.5,56860,2535,55592,560598,9.86
AR,b,2005,78,0.04770,0.04659,0.5,54325,2531,53059,505005,9.30
AR,b,2005,79,0.05513,0.05365,0.5,51794,2779,50405,451946,8.73
AR,b,2005,80,0.06463,0.06261,0.5,49015,3069,47481,401541,8.19
AR,b,2005,81,0.07072,0.06830,0.5,45946,3138,44377,354060,7.71
AR,b,2005,82,0.07620,0.07340,0.5,42808,3142,41237,309683,7.23
AR,b,2005,83,0.08508,0.08161,0.5,39666,3237,38047,268446,6.77
AR,b,2005,84,0.09469,0.09041,0.5,36429,3294,34782,230398,6.32
AR,b,2005,85,0.11341,0.10733,0.5,33135,3556,31357,195616,5.90
AR,b,2005,86,0.10838,0.10281,0.5,29579,3041,28058,164259,5.55
AR,b,2005,87,0.12723,0.11962,0.5,26538,3174,24951,136201,5.13
AR,b,2005,88,0.14368,0.13405,0.5,23363,3132,21798,111250,4.76
AR,b,2005,89,0.15360,0.14265,0.5,20232,2886,18789,89452,4.42
AR,b,2005,90,0.19131,0.17461,0.5,17346,3029,15831,70664,4.07
AR,b,2005,91,0.19834,0.18044,0.5,14317,2583,13025,54833,3.83
AR,b,2005,92,0.21502,0.19415,0.5,11734,2278,10595,41807,3.56
AR,b,2005,93,0.24639,0.21936,0.5,9456,2074,8418,31213,3.30
AR,b,2005,94,0.27459,0.24144,0.5,7381,1782,6490,22794,3.09
AR,b,2005,95,0.28711,0.25107,0.5,5599,1406,4896,16304,2.91
AR,b,2005,96,0.31330,0.27087,0.5,4193,1136,3625,11408,2.72
AR,b,2005,97,0.34082,0.29120,0.5,3058,890,2612,7782,2.55
AR,b,2005,98,0.36954,0.31191,0.5,2167,676,1829,5170,2.39
AR,b,2005,99,0.39929,0.33284,0.5,1491,496,1243,3341,2.24
AR,b,2005,100,0.42989,0.35383,0.5,995,352,819,2098,2.11
AR,b,2005,101,0.46111,0.37472,0.5,643,241,522,1279,1.99
AR,b,2005,102,0.49271,0.39532,0.5,402,159,323,756,1.88
AR,b,2005,103,0.52445,0.41549,0.5,243,101,193,434,1.78
AR,b,2005,104,0.55605,0.43509,0.5,142,62,111,241,1.70
AR,b,2005,105,0.58727,0.45397,0.5,80,36,62,130,1.62
AR,b,2005,106,0.61785,0.47203,0.5,44,21,33,68,1.55
AR,b,2005,107,0.64759,0.48919,0.5,23,11,17,34,1.49
AR,b,2005,108,0.67626,0.50538,0.5,12,6,9,17,1.44
AR,b,2005,109,0.70372,0.52056,0.5,6,3,4,8,1.40
AR,b,2005,110+,0.72981,1.00000,1.37,3,3,4,4,1.37
AR,b,2006,0,0.00884,0.00876,0.07,100000,876,99187,7544425,75.44
AR,b,2006,1,0.00083,0.00083,0.5,99124,82,99082,7445237,75.11
AR,b,2006,2,0.00058,0.00058,0.5,99041,57,99012,7346155,74.17
AR,b,2006,3,0.00013,0.00013,0.5,98984,13,98977,7247143,73.22
AR,b,2006,4,0.00021,0.00021,0.5,98971,21,98960,7148165,72.23
AR,b,2006,5,0.00023,0.00023,0.5,98950,23,98938,7049205,71.24
AR,b,2006,6,0.00037,0.00037,0.5,98927,37,98909,6950267,70.26
AR,b,2006,7,0.00024,0.00024,0.5,98890,24,98878,6851358,69.28
AR,b,2006,8,0.00013,0.00013,0.5,98867,13,98860,6752480,68.30
AR,b,2006,9,0.00013,0.00013,0.5,98853,13,98847,6653620,67.31
AR,b,2006,10,0.00008,0.00008,0.5,98840,8,98836,6554773,66.32
AR,b,2006,11,0.00011,0.00011,0.5,98833,10,98827,6455937,65.32
AR,b,2006,12,0.00018,0.00018,0.5,98822,18,98813,6357109,64.33
AR,b,2006,13,0.00028,0.00028,0.5,98804,28,98790,6258296,63.34
AR,b,2006,14,0.00030,0.00030,0.5,98776,30,98761,6159506,62.36
AR,b,2006,15,0.00037,0.00037,0.5,98746,37,98728,6060744,61.38
AR,b,2006,16,0.00049,0.00049,0.5,98710,48,98686,5962016,60.40
AR,b,2006,17,0.00109,0.00109,0.5,98662,108,98608,5863330,59.43
AR,b,2006,18,0.00142,0.00142,0.5,98554,140,98484,5764723,58.49
AR,b,2006,19,0.00144,0.00144,0.5,98414,141,98343,5666239,57.58
AR,b,2006,20,0.00127,0.00126,0.5,98272,124,98210,5567896,56.66
AR,b,2006,21,0.00125,0.00125,0.5,98148,122,98087,5469685,55.73
AR,b,2006,22,0.00139,0.00139,0.5,98026,136,97958,5371598,54.80
AR,b,2006,23,0.00125,0.00125,0.5,97890,122,97829,5273641,53.87
AR,b,2006,24,0.00168,0.00168,0.5,97768,164,97686,5175812,52.94
AR,b,2006,25,0.00140,0.00140,0.5,97603,136,97535,5078126,52.03
AR,b,2006,26,0.00128,0.00128,0.5,97467,124,97405,4980591,51.10
AR,b,2006,27,0.00133,0.00133,0.5,97343,129,97278,4883186,50.16
AR,b,2006,28,0.00116,0.00116,0.5,97213,113,97157,4785908,49.23
AR,b,2006,29,0.00148,0.00148,0.5,97100,144,97028,4688751,48.29
AR,b,2006,30,0.00180,0.00180,0.5,96956,174,96869,4591723,47.36
AR,b,2006,31,0.00236,0.00236,0.5,96782,229,96668,4494854,46.44
AR,b,2006,32,0.00172,0.00172,0.5,96554,166,96471,4398186,45.55
AR,b,2006,33,0.00168,0.00168,0.5,96388,162,96307,4301715,44.63
AR,b,2006,34,0.00172,0.00172,0.5,96226,166,96143,4205408,43.70
AR,b,2006,35,0.00204,0.00203,0.5,96060,195,95963,4109264,42.78
AR,b,2006,36,0.00212,0.00211,0.5,95865,203,95764,4013302,41.86
AR,b,2006,37,0.00222,0.00221,0.5,95662,212,95557,3917538,40.95
AR,b,2006,38,0.00253,0.00253,0.5,95451,241,95330,3821981,40.04
AR,b,2006,39,0.00237,0.00237,0.5,95209,225,95097,3726651,39.14
AR,b,2006,40,0.00318,0.00317,0.5,94984,301,94833,3631555,38.23
AR,b,2006,41,0.00307,0.00306,0.5,94683,290,94538,3536721,37.35
AR,b,2006,42,0.00336,0.00335,0.5,94393,317,94235,3442183,36.47
AR,b,2006,43,0.00301,0.00301,0.5,94076,283,93935,3347949,35.59
AR,b,2006,44,0.00352,0.00351,0.5,93793,330,93629,3254014,34.69
AR,b,2006,45,0.00410,0.00410,0.5,93464,383,93272,3160385,33.81
AR,b,2006,46,0.00459,0.00458,0.5,93081,426,92868,3067113,32.95
AR,b,2006,47,0.00497,0.00496,0.5,92655,460,92425,2974245,32.10
AR,b,2006,48,0.00426,0.00425,0.5,92195,391,92000,2881819,31.26
AR,b,2006,49,0.00533,0.00532,0.5,91804,488,91560,2789820,30.39
AR,b,2006,50,0.00570,0.00569,0.5,91315,519,91056,2698260,29.55
AR,b,2006,51,0.00661,0.00659,0.5,90796,598,90497,2607204,28.71
AR,b,2006,52,0.00678,0.00676,0.5,90198,610,89893,2516707,27.90
AR,b,2006,53,0.00742,0.00740,0.5,89588,663,89257,2426814,27.09
AR,b,2006,54,0.00690,0.00688,0.5,88925,611,88620,2337557,26.29
AR,b,2006,55,0.00796,0.00793,0.5,88314,700,87964,2248938,25.47
AR,b,2006,56,0.00880,0.00876,0.5,87614,767,87230,2160974,24.66
AR,b,2006,57,0.00887,0.00883,0.5,86847,767,86463,2073743,23.88
AR,b,2006,58,0.00953,0.00949,0.5,86080,817,85672,1987280,23.09
AR,b,2006,59,0.01185,0.01178,0.5,85263,1004,84761,1901608,22.30
AR,b,2006,60,0.01090,0.01084,0.5,84259,913,83803,1816847,21.56
AR,b,2006,61,0.01282,0.01273,0.5,83346,1061,82815,1733044,20.79
AR,b,2006,62,0.01381,0.01371,0.5,82284,1128,81720,1650229,20.06
AR,b,2006,63,0.01453,0.01443,0.5,81156,1171,80571,1568509,19.33
AR,b,2006,64,0.01585,0.01573,0.5,79985,1258,79356,1487938,18.60
AR,b,2006,65,0.01585,0.01572,0.5,78727,1238,78108,1408581,17.89
AR,b,2006,66,0.01827,0.01811,0.5,77489,1403,76788,1330473,17.17
AR,b,2006,67,0.01850,0.01833,0.5,76086,1394,75389,1253685,16.48
AR,b,2006,68,0.01929,0.01911,0.5,74692,1427,73978,1178296,15.78
AR,b,2006,69,0.02150,0.02127,0.5,73265,1559,72485,1104318,15.07
AR,b,2006,70,0.02341,0.02314,0.5,71706,1659,70876,1031833,14.39
AR,b,2006,71,0.02508,0.02477,0.5,70047,1735,69179,960956,13.72
AR,b,2006,72,0.02764,0.02727,0.5,68312,1863,67381,891777,13.05
AR,b,2006,73,0.03062,0.03015,0.5,66449,2004,65447,824397,12.41
AR,b,2006,74,0.03321,0.03266,0.5,64445,2105,63393,758949,11.78
AR,b,2006,75,0.03717,0.03649,0.5,62340,2275,61203,695557,11.16
AR,b,2006,76,0.04174,0.04088,0.5,60065,2456,58838,634354,10.56
AR,b,2006,77,0.04119,0.04036,0.5,57610,2325,56447,575516,9.99
AR,b,2006,78,0.04682,0.04575,0.5,55285,2529,54020,519069,9.39
AR,b,2006,79,0.05346,0.05207,0.5,52756,2747,51382,465049,8.82
AR,b,2006,80,0.06566,0.06357,0.5,50009,3179,48419,413667,8.27
AR,b,2006,81,0.07267,0.07012,0.5,46829,3284,45188,365248,7.80
AR,b,2006,82,0.08046,0.07734,0.5,43546,3368,41862,320060,7.35
AR,b,2006,83,0.08441,0.08099,0.5,40178,3254,38551,278198,6.92
AR,b,2006,84,0.09117,0.08720,0.5,36924,3220,35314,239648,6.49
AR,b,2006,85,0.10233,0.09735,0.5,33704,3281,32063,204334,6.06
AR,b,2006,86,0.11654,0.11012,0.5,30423,3350,28748,172271,5.66
AR,b,2006,87,0.12561,0.11819,0.5,27073,3200,25473,143523,5.30
AR,b,2006,88,0.13527,0.12670,0.5,23873,3025,22361,118050,4.94
AR,b,2006,89,0.16239,0.15019,0.5,20848,3131,19283,95690,4.59
AR,b,2006,90,0.17208,0.15844,0.5,17717,2807,16313,76407,4.31
AR,b,2006,91,0.18929,0.17293,0.5,14910,2578,13621,60094,4.03
AR,b,2006,92,0.20236,0.18376,0.5,12332,2266,11199,46473,3.77
AR,b,2006,93,0.22797,0.20465,0.5,10065,2060,9036,35274,3.50
AR,b,2006,94,0.24892,0.22137,0.5,8006,1772,7120,26239,3.28
AR,b,2006,95,0.27137,0.23895,0.5,6233,1489,5489,19119,3.07
AR,b,2006,96,0.29510,0.25715,0.5,4744,1220,4134,13631,2.87
AR,b,2006,97,0.32004,0.27589,0.5,3524,972,3038,9497,2.69
AR,b,2006,98,0.34610,0.29504,0.5,2552,753,2175,6459,2.53
AR,b,2006,99,0.37318,0.31450,0.5,1799,566,1516,4283,2.38
AR,b,2006,100,0.40113,0.33411,0.5,1233,412,1027,2767,2.24
AR,b,2006,101,0.42979,0.35377,0.5,821,290,676,1740,2.12
AR,b,2006,102,0.45899,0.37331,0.5,531,198,432,1064,2.01
AR,b,2006,103,0.48852,0.39262,0.5,333,131,267,633,1.90
AR,b,2006,104,0.51819,0.41156,0.5,202,83,160,366,1.81
AR,b,2006,105,0.54778,0.43001,0.5,119,51,93,205,1.73
AR,b,2006,106,0.57709,0.44786,0.5,68,30,53,112,1.65
AR,b,2006,107,0.60591,0.46503,0.5,37,17,29,59,1.59
AR,b,2006,108,0.63405,0.48143,0.5,20,10,15,31,1.53
AR,b,2006,109,0.66135,0.49700,0.5,10,5,8,15,1.48
AR,b,2006,110+,0.68765,1.00000,1.45,5,5,8,8,1.45
AR,b,2007,0,0.00785,0.00779,0.07,100000,779,99275,7563908,75.64
AR,b,2007,1,0.00077,0.00077,0.5,99221,76,99183,7464633,75.23
AR,b,2007,2,0.00034,0.00034,0.5,99145,34,99128,7365451,74.29
AR,b,2007,3,0.00039,0.00039,0.5,99111,38,99092,7266323,73.32
AR,b,2007,4,0.00036,0.00036,0.5,99073,36,99054,7167231,72.34
AR,b,2007,5,0.00013,0.00013,0.5,99036,13,99030,7068177,71.37
AR,b,2007,6,0.00018,0.00018,0.5,99024,18,99015,6969146,70.38
AR,b,2007,7,0.00008,0.00008,0.5,99006,8,99002,6870132,69.39
AR,b,2007,8,0.00024,0.00024,0.5,98998,24,98986,6771130,68.40
AR,b,2007,9,0.00018,0.00018,0.5,98974,18,98965,6672144,67.41
AR,b,2007,10,0.00023,0.00023,0.5,98956,23,98945,6573179,66.43
AR,b,2007,11,0.00010,0.00010,0.5,98933,10,98928,6474235,65.44
AR,b,2007,12,0.00031,0.00031,0.5,98923,31,98908,6375306,64.45
AR,b,2007,13,0.00026,0.00026,0.5,98892,26,98879,6276399,63.47
AR,b,2007,14,0.00038,0.00038,0.5,98867,38,98848,6177520,62.48
AR,b,2007,15,0.00055,0.00055,0.5,98829,54,98801,6078672,61.51
AR,b,2007,16,0.00058,0.00058,0.5,98774,57,98745,5979871,60.54
AR,b,2007,17,0.00080,0.00080,0.5,98717,79,98677,5881125,59.58
AR,b,2007,18,0.00099,0.00099,0.5,98637,98,98588,5782448,58.62
AR,b,2007,19,0.00161,0.00161,0.5,98539,159,98460,5683860,57.68
AR,b,2007,20,0.00116,0.00116,0.5,98381,114,98324,5585400,56.77
AR,b,2007,21,0.00111,0.00111,0.5,98267,109,98212,5487076,55.84
AR,b,2007,22,0.00136,0.00136,0.5,98158,133,98091,5388864,54.90
AR,b,2007,23,0.00140,0.00140,0.5,98025,138,97956,5290772,53.97
AR,b,2007,24,0.00148,0.00148,0.5,97887,145,97815,5192816,53.05
AR,b,2007,25,0.00127,0.00127,0.5,97742,124,97680,5095002,52.13
AR,b,2007,26,0.00123,0.00123,0.5,97618,120,97558,4997322,51.19
AR,b,2007,27,0.00160,0.00160,0.5,97498,156,97420,4899764,50.26
AR,b,2007,28,0.00163,0.00163,0.5,97342,158,97263,4802344,49.33
AR,b,2007,29,0.00126,0.00126,0.5,97184,123,97122,4705081,48.41
AR,b,2007,30,0.00136,0.00136,0.5,97061,132,96995,4607959,47.47
AR,b,2007,31,0.00155,0.00154,0.5,96929,150,96854,4510964,46.54
AR,b,2007,32,0.00151,0.00151,0.5,96779,146,96706,4414110,45.61
AR,b,2007,33,0.00132,0.00132,0.5,96634,127,96570,4317403,44.68
AR,b,2007,34,0.00176,0.00176,0.5,96506,170,96421,4220833,43.74
AR,b,2007,35,0.00179,0.00179,0.5,96336,172,96250,4124412,42.81
AR,b,2007,36,0.00199,0.00199,0.5,96164,191,96068,4028162,41.89
AR,b,2007,37,0.00222,0.00221,0.5,95973,212,95867,3932093,40.97
AR,b,2007,38,0.00221,0.00220,0.5,95760,211,95655,3836227,40.06
AR,b,2007,39,0.00239,0.00239,0.5,95549,228,95435,3740572,39.15
AR,b,2007,40,0.00271,0.00271,0.5,95321,258,95192,3645137,38.24
AR,b,2007,41,0.00293,0.00292,0.5,95063,278,94924,3549945,37.34
AR,b,2007,42,0.00328,0.00328,0.5,94785,311,94630,3455021,36.45
AR,b,2007,43,0.00378,0.00377,0.5,94474,356,94296,3360392,35.57
AR,b,2007,44,0.00371,0.00370,0.5,94118,348,93944,3266095,34.70
AR,b,2007,45,0.00442,0.00441,0.5,93770,414,93563,3172152,33.83
AR,b,2007,46,0.00387,0.00387,0.5,93356,361,93176,3078589,32.98
AR,b,2007,47,0.00528,0.00527,0.5,92995,490,92750,2985413,32.10
AR,b,2007,48,0.00546,0.00545,0.5,92505,504,92253,2892663,31.27
AR,b,2007,49,0.00528,0.00527,0.5,92001,484,91759,2800410,30.44
AR,b,2007,50,0.00665,0.00663,0.5,91517,607,91213,2708651,29.60
AR,b,2007,51,0.00605,0.00603,0.5,90910,548,90636,2617438,28.79
AR,b,2007,52,0.00609,0.00607,0.5,90362,549,90088,2526802,27.96
AR,b,2007,53,0.00766,0.00764,0.5,89813,686,89471,2436714,27.13
AR,b,2007,54,0.00737,0.00734,0.5,89128,654,88801,2347243,26.34
AR,b,2007,55,0.00824,0.00821,0.5,88474,726,88110,2258443,25.53
AR,b,2007,56,0.00793,0.00789,0.5,87747,693,87401,2170332,24.73
AR,b,2007,57,0.00898,0.00894,0.5,87055,778,86665,2082931,23.93
AR,b,2007,58,0.00932,0.00928,0.5,86276,801,85876,1996266,23.14
AR,b,2007,59,0.01056,0.01050,0.5,85476,898,85027,1910390,22.35
AR,b,2007,60,0.01248,0.01240,0.5,84578,1049,84054,1825363,21.58
AR,b,2007,61,0.01132,0.01126,0.5,83529,941,83059,1741310,20.85
AR,b,2007,62,0.01355,0.01346,0.5,82589,1112,82033,1658251,20.08
AR,b,2007,63,0.01490,0.01479,0.5,81477,1205,80874,1576218,19.35
AR,b,2007,64,0.01487,0.01476,0.5,80272,1185,79679,1495343,18.63
AR,b,2007,65,0.01618,0.01605,0.5,79087,1270,78452,1415664,17.90
AR,b,2007,66,0.01819,0.01803,0.5,77817,1403,77116,1337212,17.18
AR,b,2007,67,0.01867,0.01850,0.5,76415,1413,75708,1260096,16.49
AR,b,2007,68,0.01799,0.01783,0.5,75001,1337,74332,1184388,15.79
AR,b,2007,69,0.02278,0.02252,0.5,73664,1659,72834,1110056,15.07
AR,b,2007,70,0.02322,0.02295,0.5,72005,1653,71178,1037222,14.40
AR,b,2007,71,0.02615,0.02581,0.5,70352,1816,69444,966043,13.73
AR,b,2007,72,0.02836,0.02796,0.5,68536,1916,67578,896599,13.08
AR,b,2007,73,0.02898,0.02857,0.5,66620,1903,65668,829021,12.44
AR,b,2007,74,0.03271,0.03218,0.5,64717,2083,63675,763353,11.80
AR,b,2007,75,0.03755,0.03686,0.5,62634,2308,61480,699678,11.17
AR,b,2007,76,0.04160,0.04075,0.5,60326,2459,59096,638198,10.58
AR,b,2007,77,0.04399,0.04304,0.5,57867,2491,56622,579102,10.01
AR,b,2007,78,0.04785,0.04674,0.5,55376,2588,54082,522480,9.44
AR,b,2007,79,0.05164,0.05034,0.5,52788,2657,51460,468398,8.87
AR,b,2007,80,0.06872,0.06643,0.5,50131,3330,48466,416939,8.32
AR,b,2007,81,0.06671,0.06456,0.5,46801,3021,45290,368473,7.87
AR,b,2007,82,0.07855,0.07558,0.5,43779,3309,42125,323183,7.38
AR,b,2007,83,0.08497,0.08151,0.5,40470,3299,38821,281058,6.94
AR,b,2007,84,0.09291,0.08878,0.5,37172,3300,35522,242237,6.52
AR,b,2007,85,0.09848,0.09386,0.5,33871,3179,32282,206716,6.10
AR,b,2007,86,0.10517,0.09992,0.5,30692,3067,29159,174434,5.68
AR,b,2007,87,0.12898,0.12117,0.5,27626,3347,25952,145275,5.26
AR,b,2007,88,0.14683,0.13679,0.5,24278,3321,22618,119323,4.91
AR,b,2007,89,0.15580,0.14454,0.5,20957,3029,19443,96705,4.61
AR,b,2007,90,0.16744,0.15451,0.5,17928,2770,16543,77262,4.31
AR,b,2007,91,0.18167,0.16654,0.5,15158,2524,13896,60719,4.01
AR,b,2007,92,0.21274,0.19229,0.5,12634,2429,11419,46823,3.71
AR,b,2007,93,0.23351,0.20909,0.5,10204,2134,9138,35404,3.47
AR,b,2007,94,0.25043,0.22256,0.5,8071,1796,7173,26267,3.25
AR,b,2007,95,0.27338,0.24050,0.5,6274,1509,5520,19094,3.04
AR,b,2007,96,0.29763,0.25908,0.5,4765,1235,4148,13574,2.85
AR,b,2007,97,0.32313,0.27818,0.5,3531,982,3040,9426,2.67
AR,b,2007,98,0.34977,0.29771,0.5,2549,759,2169,6386,2.51
AR,b,2007,99,0.37743,0.31751,0.5,1790,568,1506,4217,2.36
AR,b,2007,100,0.40595,0.33746,0.5,1222,412,1015,2711,2.22
AR,b,2007,101,0.43518,0.35741,0.5,809,289,665,1696,2.10
AR,b,2007,102,0.46491,0.37722,0.5,520,196,422,1031,1.98
AR,b,2007,103,0.49493,0.39675,0.5,324,129,260,609,1.88
AR,b,2007,104,0.52504,0.41587,0.5,195,81,155,349,1.79
AR,b,2007,105,0.55501,0.43445,0.5,114,50,89,195,1.71
AR,b,2007,106,0.58462,0.45238,0.5,65,29,50,105,1.63
AR,b,2007,107,0.61367,0.46959,0.5,35,17,27,55,1.57
AR,b,2007,108,0.64197,0.48598,0.5,19,9,14,28,1.51
AR,b,2007,109,0.66935,0.50151,0.5,10,5,7,14,1.47
AR,b,2007,110+,0.69565,1.00000,1.44,5,5,7,7,1.44
AR,b,2008,0,0.00744,0.00739,0.07,100000,739,99312,7531885,75.32
AR,b,2008,1,0.00076,0.00075,0.5,99261,75,99223,7432573,74.88
AR,b,2008,2,0.00031,0.00031,0.5,99186,31,99171,7333349,73.94
AR,b,2008,3,0.00048,0.00048,0.5,99155,48,99131,7234179,72.96
AR,b,2008,4,0.00016,0.00016,0.5,99107,15,99100,7135048,71.99
AR,b,2008,5,0.00028,0.00028,0.5,99092,28,99078,7035948,71.00
AR,b,2008,6,0.00015,0.00015,0.5,99064,15,99056,6936870,70.02
AR,b,2008,7,0.00023,0.00023,0.5,99048,23,99037,6837814,69.04
AR,b,2008,8,0.00013,0.00013,0.5,99026,13,99019,6738777,68.05
AR,b,2008,9,0.00016,0.00016,0.5,99012,15,99005,6639758,67.06
AR,b,2008,10,0.00015,0.00015,0.5,98997,15,98990,6540753,66.07
AR,b,2008,11,0.00010,0.00010,0.5,98982,10,98977,6441764,65.08
AR,b,2008,12,0.00008,0.00008,0.5,98972,8,98968,6342787,64.09
AR,b,2008,13,0.00021,0.00021,0.5,98964,20,98954,6243819,63.09
AR,b,2008,14,0.00029,0.00029,0.5,98944,28,98930,6144865,62.10
AR,b,2008,15,0.00051,0.00051,0.5,98916,51,98890,6045935,61.12
AR,b,2008,16,0.00076,0.00076,0.5,98865,75,98827,5947045,60.15
AR,b,2008,17,0.00080,0.00080,0.5,98790,79,98750,5848218,59.20
AR,b,2008,18,0.00124,0.00124,0.5,98711,122,98650,5749468,58.25
AR,b,2008,19,0.00150,0.00149,0.5,98589,147,98515,5650818,57.32
AR,b,2008,20,0.00111,0.00111,0.5,98441,109,98386,5552303,56.40
AR,b,2008,21,0.00106,0.00106,0.5,98332,104,98280,5453917,55.46
AR,b,2008,22,0.00146,0.00146,0.5,98228,143,98156,5355637,54.52
AR,b,2008,23,0.00101,0.00101,0.5,98085,99,98035,5257480,53.60
AR,b,2008,24,0.00146,0.00146,0.5,97986,143,97914,5159445,52.66
AR,b,2008,25,0.00177,0.00177,0.5,97842,173,97756,5061531,51.73
AR,b,2008,26,0.00184,0.00184,0.5,97669,179,97579,4963776,50.82
AR,b,2008,27,0.00116,0.00116,0.5,97490,113,97433,4866196,49.92
AR,b,2008,28,0.00145,0.00145,0.5,97377,141,97307,4768763,48.97
AR,b,2008,29,0.00154,0.00154,0.5,97236,150,97161,4671457,48.04
AR,b,2008,30,0.00167,0.00166,0.5,97087,162,97006,4574295,47.12
AR,b,2008,31,0.00166,0.00166,0.5,96925,161,96845,4477289,46.19
AR,b,2008,32,0.00175,0.00175,0.5,96764,169,96680,4380444,45.27
AR,b,2008,33,0.00168,0.00168,0.5,96595,162,96514,4283765,44.35
AR,b,2008,34,0.00204,0.00203,0.5,96433,196,96335,4187251,43.42
AR,b,2008,35,0.00232,0.00232,0.5,96237,223,96125,4090916,42.51
AR,b,2008,36,0.00202,0.00201,0.5,96013,193,95916,3994791,41.61
AR,b,2008,37,0.00223,0.00223,0.5,95820,214,95713,3898875,40.69
AR,b,2008,38,0.00231,0.00231,0.5,95606,221,95496,3803162,39.78
AR,b,2008,39,0.00249,0.00249,0.5,95386,237,95267,3707666,38.87
AR,b,2008,40,0.00232,0.00231,0.5,95148,220,95038,3612399,37.97
AR,b,2008,41,0.00325,0.00324,0.5,94928,308,94774,3517360,37.05
AR,b,2008,42,0.00260,0.00260,0.5,94620,246,94497,3422586,36.17
AR,b,2008,43,0.00345,0.00344,0.5,94375,325,94212,3328089,35.26
AR,b,2008,44,0.00410,0.00409,0.5,94050,385,93857,3233877,34.38
AR,b,2008,45,0.00427,0.00426,0.5,93665,399,93465,3140019,33.52
AR,b,2008,46,0.00442,0.00441,0.5,93266,411,93060,3046554,32.67
AR,b,2008,47,0.00507,0.00505,0.5,92855,469,92620,2953493,31.81
AR,b,2008,48,0.00522,0.00520,0.5,92386,481,92145,2860873,30.97
AR,b,2008,49,0.00490,0.00488,0.5,91905,449,91680,2768728,30.13
AR,b,2008,50,0.00581,0.00579,0.5,91456,530,91191,2677047,29.27
AR,b,2008,51,0.00633,0.00631,0.5,90926,574,90639,2585856,28.44
AR,b,2008,52,0.00776,0.00773,0.5,90352,699,90003,2495217,27.62
AR,b,2008,53,0.00776,0.00773,0.5,89654,693,89307,2405214,26.83
AR,b,2008,54,0.00857,0.00853,0.5,88961,759,88582,2315906,26.03
AR,b,2008,55,0.00840,0.00837,0.5,88202,738,87833,2227324,25.25
AR,b,2008,56,0.00905,0.00900,0.5,87464,788,87071,2139491,24.46
AR,b,2008,57,0.00904,0.00900,0.5,86677,780,86287,2052421,23.68
AR,b,2008,58,0.00980,0.00975,0.5,85897,837,85478,1966134,22.89
AR,b,2008,59,0.01139,0.01133,0.5,85060,964,84578,1880655,22.11
AR,b,2008,60,0.01233,0.01225,0.5,84096,1031,83581,1796078,21.36
AR,b,2008,61,0.01284,0.01276,0.5,83065,1060,82535,1712497,20.62
AR,b,2008,62,0.01285,0.01276,0.5,82006,1047,81482,1629961,19.88
AR,b,2008,63,0.01461,0.01450,0.5,80959,1174,80372,1548479,19.13
AR,b,2008,64,0.01536,0.01525,0.5,79785,1216,79177,1468107,18.40
AR,b,2008,65,0.01812,0.01796,0.5,78568,1411,77863,1388931,17.68
AR,b,2008,66,0.01839,0.01823,0.5,77157,1406,76454,1311068,16.99
AR,b,2008,67,0.01874,0.01857,0.5,75751,1407,75048,1234614,16.30
AR,b,2008,68,0.02119,0.02096,0.5,74344,1559,73565,1159566,15.60
AR,b,2008,69,0.02373,0.02345,0.5,72786,1707,71932,1086001,14.92
AR,b,2008,70,0.02369,0.02342,0.5,71079,1664,70247,1014069,14.27
AR,b,2008,71,0.02602,0.02569,0.5,69414,1783,68523,943823,13.60
AR,b,2008,72,0.02890,0.02849,0.5,67631,1927,66668,875300,12.94
AR,b,2008,73,0.03244,0.03192,0.5,65705,2097,64656,808632,12.31
AR,b,2008,74,0.03325,0.03270,0.5,63607,2080,62567,743976,11.70
AR,b,2008,75,0.03795,0.03724,0.5,61527,2291,60382,681409,11.07
AR,b,2008,76,0.04039,0.03959,0.5,59236,2345,58063,621027,10.48
AR,b,2008,77,0.04426,0.04330,0.5,56891,2463,55659,562964,9.90
AR,b,2008,78,0.05255,0.05120,0.5,54427,2787,53034,507305,9.32
AR,b,2008,79,0.05178,0.05047,0.5,51641,2607,50337,454270,8.80
AR,b,2008,80,0.06201,0.06015,0.5,49034,2949,47559,403933,8.24
AR,b,2008,81,0.06872,0.06644,0.5,46085,3062,44554,356374,7.73
AR,b,2008,82,0.07798,0.07506,0.5,43023,3229,41408,311820,7.25
AR,b,2008,83,0.08263,0.07936,0.5,39794,3158,38215,270412,6.80
AR,b,2008,84,0.09670,0.09224,0.5,36636,3379,34946,232197,6.34
AR,b,2008,85,0.10352,0.09843,0.5,33256,3273,31620,197251,5.93
AR,b,2008,86,0.11244,0.10646,0.5,29983,3192,28387,165631,5.52
AR,b,2008,87,0.13139,0.12329,0.5,26791,3303,25140,137244,5.12
AR,b,2008,88,0.15007,0.13959,0.5,23488,3279,21849,112104,4.77
AR,b,2008,89,0.15478,0.14367,0.5,20209,2903,18758,90255,4.47
AR,b,2008,90,0.18437,0.16881,0.5,17306,2921,15845,71497,4.13
AR,b,2008,91,0.19714,0.17945,0.5,14385,2581,13094,55652,3.87
AR,b,2008,92,0.22357,0.20109,0.5,11803,2374,10617,42558,3.61
AR,b,2008,93,0.23673,0.21168,0.5,9430,1996,8432,31942,3.39
AR,b,2008,94,0.25900,0.22930,0.5,7434,1705,6581,23510,3.16
AR,b,2008,95,0.28302,0.24794,0.5,5729,1420,5019,16929,2.95
AR,b,2008,96,0.30836,0.26716,0.5,4309,1151,3733,11910,2.76
AR,b,2008,97,0.33491,0.28687,0.5,3158,906,2705,8177,2.59
AR,b,2008,98,0.36257,0.30693,0.5,2252,691,1906,5472,2.43
AR,b,2008,99,0.39119,0.32719,0.5,1561,511,1305,3566,2.28
AR,b,2008,100,0.42059,0.34751,0.5,1050,365,868,2260,2.15
AR,b,2008,101,0.45059,0.36774,0.5,685,252,559,1393,2.03
AR,b,2008,102,0.48097,0.38773,0.5,433,168,349,834,1.92
AR,b,2008,103,0.51151,0.40733,0.5,265,108,211,485,1.83
AR,b,2008,104,0.54199,0.42643,0.5,157,67,124,273,1.74
AR,b,2008,105,0.57219,0.44490,0.5,90,40,70,150,1.66
AR,b,2008,106,0.60187,0.46265,0.5,50,23,38,80,1.59
AR,b,2008,107,0.63085,0.47958,0.5,27,13,20,41,1.53
AR,b,2008,108,0.65894,0.49564,0.5,14,7,11,21,1.47
AR,b,2008,109,0.68597,0.51078,0.5,7,4,5,10,1.43
AR,b,2008,110+,0.71182,1.00000,1.4,3,3,5,5,1.40
AR,b,2009,0,0.00780,0.00774,0.07,100000,774,99280,7570616,75.71
AR,b,2009,1,0.00068,0.00068,0.5,99226,67,99192,7471336,75.30
AR,b,2009,2,0.00040,0.00040,0.5,99158,40,99138,7372144,74.35
AR,b,2009,3,0.00030,0.00030,0.5,99118,30,99103,7273005,73.38
AR,b,2009,4,0.00026,0.00026,0.5,99088,25,99076,7173902,72.40
AR,b,2009,5,0.00026,0.00026,0.5,99063,25,99051,7074826,71.42
AR,b,2009,6,0.00021,0.00021,0.5,99038,20,99028,6975776,70.44
AR,b,2009,7,0.00010,0.00010,0.5,99017,10,99012,6876748,69.45
AR,b,2009,8,0.00013,0.00013,0.5,99007,13,99001,6777735,68.46
AR,b,2009,9,0.00020,0.00020,0.5,98995,20,98984,6678735,67.47
AR,b,2009,10,0.00023,0.00023,0.5,98974,22,98963,6579750,66.48
AR,b,2009,11,0.00008,0.00008,0.5,98952,8,98948,6480787,65.49
AR,b,2009,12,0.00015,0.00015,0.5,98944,15,98937,6381839,64.50
AR,b,2009,13,0.00028,0.00028,0.5,98929,28,98915,6282902,63.51
AR,b,2009,14,0.00036,0.00036,0.5,98901,36,98883,6183987,62.53
AR,b,2009,15,0.00028,0.00028,0.5,98865,28,98851,6085104,61.55
AR,b,2009,16,0.00067,0.00067,0.5,98837,66,98804,5986252,60.57
AR,b,2009,17,0.00042,0.00042,0.5,98771,41,98750,5887448,59.61
AR,b,2009,18,0.00108,0.00108,0.5,98730,107,98676,5788698,58.63
AR,b,2009,19,0.00087,0.00087,0.5,98623,86,98580,5690022,57.69
AR,b,2009,20,0.00119,0.00118,0.5,98537,117,98479,5591442,56.74
AR,b,2009,21,0.00092,0.00092,0.5,98420,91,98375,5492963,55.81
AR,b,2009,22,0.00100,0.00100,0.5,98330,98,98281,5394588,54.86
AR,b,2009,23,0.00146,0.00145,0.5,98232,143,98160,5296307,53.92
AR,b,2009,24,0.00160,0.00159,0.5,98089,156,98011,5198146,52.99
AR,b,2009,25,0.00160,0.00160,0.5,97933,157,97854,5100136,52.08
AR,b,2009,26,0.00156,0.00156,0.5,97776,153,97700,5002281,51.16
AR,b,2009,27,0.00140,0.00140,0.5,97623,137,97555,4904581,50.24
AR,b,2009,28,0.00134,0.00134,0.5,97487,130,97421,4807027,49.31
AR,b,2009,29,0.00141,0.00141,0.5,97356,137,97288,4709605,48.37
AR,b,2009,30,0.00147,0.00147,0.5,97219,143,97148,4612317,47.44
AR,b,2009,31,0.00164,0.00164,0.5,97076,159,96996,4515170,46.51
AR,b,2009,32,0.00158,0.00157,0.5,96917,153,96840,4418173,45.59
AR,b,2009,33,0.00192,0.00192,0.5,96764,186,96671,4321333,44.66
AR,b,2009,34,0.00183,0.00183,0.5,96578,177,96490,4224662,43.74
AR,b,2009,35,0.00131,0.00131,0.5,96402,126,96339,4128172,42.82
AR,b,2009,36,0.00243,0.00242,0.5,96276,233,96159,4031833,41.88
AR,b,2009,37,0.00218,0.00218,0.5,96042,209,95938,3935674,40.98
AR,b,2009,38,0.00225,0.00225,0.5,95833,215,95726,3839736,40.07
AR,b,2009,39,0.00235,0.00235,0.5,95618,225,95505,3744011,39.16
AR,b,2009,40,0.00256,0.00256,0.5,95393,244,95271,3648505,38.25
AR,b,2009,41,0.00293,0.00292,0.5,95149,278,95010,3553234,37.34
AR,b,2009,42,0.00339,0.00338,0.5,94871,321,94710,3458224,36.45
AR,b,2009,43,0.00319,0.00319,0.5,94550,301,94399,3363514,35.57
AR,b,2009,44,0.00418,0.00417,0.5,94249,393,94052,3269114,34.69
AR,b,2009,45,0.00394,0.00393,0.5,93856,369,93671,3175062,33.83
AR,b,2009,46,0.00398,0.00397,0.5,93487,372,93301,3081391,32.96
AR,b,2009,47,0.00511,0.00510,0.5,93115,475,92878,2988090,32.09
AR,b,2009,48,0.00497,0.00495,0.5,92640,459,92411,2895212,31.25
AR,b,2009,49,0.00572,0.00570,0.5,92181,526,91918,2802802,30.41
AR,b,2009,50,0.00583,0.00581,0.5,91656,533,91389,2710883,29.58
AR,b,2009,51,0.00680,0.00677,0.5,91123,617,90814,2619494,28.75
AR,b,2009,52,0.00719,0.00717,0.5,90506,649,90181,2528680,27.94
AR,b,2009,53,0.00785,0.00782,0.5,89857,703,89506,2438498,27.14
AR,b,2009,54,0.00831,0.00827,0.5,89154,738,88786,2348993,26.35
AR,b,2009,55,0.00806,0.00803,0.5,88417,710,88062,2260207,25.56
AR,b,2009,56,0.00842,0.00839,0.5,87707,736,87339,2172145,24.77
AR,b,2009,57,0.00992,0.00987,0.5,86971,858,86542,2084806,23.97
AR,b,2009,58,0.00991,0.00987,0.5,86113,850,85688,1998264,23.21
AR,b,2009,59,0.01014,0.01009,0.5,85264,860,84834,1912575,22.43
AR,b,2009,60,0.01220,0.01213,0.5,84403,1024,83892,1827741,21.65
AR,b,2009,61,0.01205,0.01198,0.5,83380,999,82881,1743850,20.91
AR,b,2009,62,0.01338,0.01329,0.5,82381,1095,81834,1660969,20.16
AR,b,2009,63,0.01327,0.01318,0.5,81286,1071,80750,1579136,19.43
AR,b,2009,64,0.01489,0.01478,0.5,80215,1185,79622,1498385,18.68
AR,b,2009,65,0.01783,0.01767,0.5,79030,1397,78331,1418763,17.95
AR,b,2009,66,0.01863,0.01846,0.5,77633,1433,76916,1340432,17.27
AR,b,2009,67,0.01833,0.01816,0.5,76200,1384,75508,1263515,16.58
AR,b,2009,68,0.02200,0.02176,0.5,74816,1628,74002,1188007,15.88
AR,b,2009,69,0.02001,0.01981,0.5,73188,1450,72463,1114006,15.22
AR,b,2009,70,0.02242,0.02217,0.5,71738,1590,70943,1041543,14.52
AR,b,2009,71,0.02677,0.02642,0.5,70147,1853,69221,970600,13.84
AR,b,2009,72,0.02814,0.02775,0.5,68294,1895,67347,901379,13.20
AR,b,2009,73,0.03141,0.03093,0.5,66400,2053,65373,834032,12.56
AR,b,2009,74,0.03231,0.03180,0.5,64346,2046,63323,768659,11.95
AR,b,2009,75,0.03677,0.03610,0.5,62300,2249,61176,705336,11.32
AR,b,2009,76,0.03843,0.03771,0.5,60051,2264,58919,644160,10.73
AR,b,2009,77,0.04478,0.04380,0.5,57787,2531,56521,585241,10.13
AR,b,2009,78,0.04733,0.04624,0.5,55256,2555,53978,528720,9.57
AR,b,2009,79,0.04855,0.04740,0.5,52701,2498,51452,474742,9.01
AR,b,2009,80,0.05918,0.05748,0.5,50203,2886,48760,423290,8.43
AR,b,2009,81,0.06868,0.06640,0.5,47317,3142,45746,374531,7.92
AR,b,2009,82,0.07301,0.07044,0.5,44175,3111,42619,328785,7.44
AR,b,2009,83,0.08743,0.08377,0.5,41063,3440,39344,286165,6.97
AR,b,2009,84,0.08672,0.08311,0.5,37624,3127,36060,246822,6.56
AR,b,2009,85,0.10041,0.09561,0.5,34497,3298,32848,210762,6.11
AR,b,2009,86,0.11196,0.10603,0.5,31198,3308,29544,177914,5.70
AR,b,2009,87,0.13126,0.12317,0.5,27891,3435,26173,148370,5.32
AR,b,2009,88,0.13348,0.12513,0.5,24455,3060,22925,122197,5.00
AR,b,2009,89,0.16109,0.14908,0.5,21395,3190,19800,99272,4.64
AR,b,2009,90,0.16312,0.15082,0.5,18205,2746,16833,79471,4.37
AR,b,2009,91,0.19211,0.17527,0.5,15460,2710,14105,62639,4.05
AR,b,2009,92,0.19935,0.18128,0.5,12750,2311,11594,48534,3.81
AR,b,2009,93,0.23952,0.21390,0.5,10439,2233,9322,36939,3.54
AR,b,2009,94,0.23924,0.21368,0.5,8206,1753,7329,27617,3.37
AR,b,2009,95,0.26289,0.23235,0.5,6452,1499,5703,20288,3.14
AR,b,2009,96,0.28614,0.25033,0.5,4953,1240,4333,14585,2.94
AR,b,2009,97,0.31061,0.26885,0.5,3713,998,3214,10251,2.76
AR,b,2009,98,0.33620,0.28782,0.5,2715,781,2324,7037,2.59
AR,b,2009,99,0.36283,0.30711,0.5,1934,594,1637,4713,2.44
AR,b,2009,100,0.39036,0.32661,0.5,1340,438,1121,3076,2.30
AR,b,2009,101,0.41863,0.34617,0.5,902,312,746,1955,2.17
AR,b,2009,102,0.44748,0.36567,0.5,590,216,482,1209,2.05
AR,b,2009,103,0.47673,0.38497,0.5,374,144,302,727,1.94
AR,b,2009,104,0.50617,0.40394,0.5,230,93,184,425,1.85
AR,b,2009,105,0.53561,0.42247,0.5,137,58,108,242,1.76
AR,b,2009,106,0.56483,0.44044,0.5,79,35,62,133,1.68
AR,b,2009,107,0.59365,0.45777,0.5,44,20,34,72,1.61
AR,b,2009,108,0.62186,0.47437,0.5,24,11,18,37,1.56
AR,b,2009,109,0.64931,0.49017,0.5,13,6,10,19,1.51
AR,b,2009,110+,0.67582,1.00000,1.48,6,6,10,10,1.48
AR,b,2010,0,0.00731,0.00726,0.07,100000,726,99324,7594972,75.95
AR,b,2010,1,0.00066,0.00066,0.5,99274,66,99241,7495648,75.50
AR,b,2010,2,0.00023,0.00023,0.5,99208,22,99197,7396407,74.55
AR,b,2010,3,0.00042,0.00042,0.5,99186,42,99165,7297210,73.57
AR,b,2010,4,0.00028,0.00028,0.5,99144,27,99130,7198045,72.60
AR,b,2010,5,0.00018,0.00018,0.5,99117,18,99108,7098915,71.62
AR,b,2010,6,0.00026,0.00026,0.5,99099,25,99086,6999807,70.63
AR,b,2010,7,0.00018,0.00018,0.5,99074,18,99065,6900721,69.65
AR,b,2010,8,0.00008,0.00008,0.5,99056,8,99052,6801656,68.66
AR,b,2010,9,0.00015,0.00015,0.5,99048,15,99041,6702604,67.67
AR,b,2010,10,0.00017,0.00017,0.5,99033,17,99025,6603563,66.68
AR,b,2010,11,0.00020,0.00020,0.5,99016,20,99006,6504538,65.69
AR,b,2010,12,0.00005,0.00005,0.5,98996,5,98994,6405532,64.70
AR,b,2010,13,0.00020,0.00020,0.5,98991,20,98981,6306539,63.71
AR,b,2010,14,0.00026,0.00026,0.5,98971,25,98958,6207558,62.72
AR,b,2010,15,0.00034,0.00034,0.5,98945,33,98929,6108599,61.74
AR,b,2010,16,0.00055,0.00055,0.5,98912,55,98885,6009670,60.76
AR,b,2010,17,0.00062,0.00062,0.5,98858,61,98827,5910785,59.79
AR,b,2010,18,0.00076,0.00076,0.5,98797,75,98759,5811958,58.83
AR,b,2010,19,0.00086,0.00086,0.5,98722,85,98679,5713199,57.87
AR,b,2010,20,0.00110,0.00110,0.5,98637,109,98582,5614520,56.92
AR,b,2010,21,0.00109,0.00109,0.5,98528,108,98474,5515937,55.98
AR,b,2010,22,0.00115,0.00115,0.5,98420,114,98364,5417463,55.04
AR,b,2010,23,0.00122,0.00122,0.5,98307,120,98247,5319100,54.11
AR,b,2010,24,0.00144,0.00143,0.5,98187,141,98117,5220852,53.17
AR,b,2010,25,0.00152,0.00152,0.5,98046,149,97972,5122736,52.25
AR,b,2010,26,0.00141,0.00141,0.5,97897,138,97828,5024764,51.33
AR,b,2010,27,0.00135,0.00135,0.5,97759,132,97693,4926936,50.40
AR,b,2010,28,0.00127,0.00127,0.5,97627,124,97565,4829243,49.47
AR,b,2010,29,0.00131,0.00131,0.5,97503,128,97439,4731678,48.53
AR,b,2010,30,0.00193,0.00192,0.5,97375,187,97281,4634240,47.59
AR,b,2010,31,0.00174,0.00174,0.5,97187,169,97103,4536959,46.68
AR,b,2010,32,0.00153,0.00153,0.5,97018,149,96944,4439856,45.76
AR,b,2010,33,0.00162,0.00162,0.5,96870,157,96791,4342912,44.83
AR,b,2010,34,0.00167,0.00167,0.5,96713,161,96632,4246121,43.90
AR,b,2010,35,0.00162,0.00162,0.5,96552,156,96474,4149489,42.98
AR,b,2010,36,0.00158,0.00157,0.5,96396,152,96320,4053015,42.05
AR,b,2010,37,0.00203,0.00203,0.5,96244,195,96146,3956695,41.11
AR,b,2010,38,0.00202,0.00202,0.5,96049,194,95952,3860549,40.19
AR,b,2010,39,0.00214,0.00214,0.5,95855,205,95752,3764597,39.27
AR,b,2010,40,0.00251,0.00250,0.5,95650,239,95530,3668845,38.36
AR,b,2010,41,0.00283,0.00283,0.5,95411,270,95276,3573315,37.45
AR,b,2010,42,0.00295,0.00294,0.5,95141,280,95001,3478039,36.56
AR,b,2010,43,0.00351,0.00351,0.5,94861,333,94694,3383038,35.66
AR,b,2010,44,0.00346,0.00346,0.5,94528,327,94365,3288344,34.79
AR,b,2010,45,0.00391,0.00391,0.5,94201,368,94017,3193979,33.91
AR,b,2010,46,0.00417,0.00416,0.5,93833,390,93638,3099962,33.04
AR,b,2010,47,0.00468,0.00467,0.5,93443,436,93225,3006324,32.17
AR,b,2010,48,0.00522,0.00521,0.5,93007,484,92765,2913099,31.32
AR,b,2010,49,0.00545,0.00544,0.5,92522,503,92271,2820335,30.48
AR,b,2010,50,0.00624,0.00622,0.5,92019,573,91733,2728064,29.65
AR,b,2010,51,0.00655,0.00653,0.5,91446,597,91148,2636331,28.83
AR,b,2010,52,0.00681,0.00678,0.5,90850,616,90541,2545183,28.02
AR,b,2010,53,0.00749,0.00746,0.5,90233,673,89897,2454642,27.20
AR,b,2010,54,0.00791,0.00788,0.5,89560,706,89207,2364745,26.40
AR,b,2010,55,0.00809,0.00806,0.5,88854,716,88496,2275538,25.61
AR,b,2010,56,0.00867,0.00864,0.5,88138,761,87757,2187041,24.81
AR,b,2010,57,0.00879,0.00875,0.5,87377,765,86995,2099284,24.03
AR,b,2010,58,0.01028,0.01023,0.5,86612,886,86169,2012289,23.23
AR,b,2010,59,0.01058,0.01053,0.5,85726,903,85275,1926120,22.47
AR,b,2010,60,0.01138,0.01131,0.5,84824,960,84344,1840845,21.70
AR,b,2010,61,0.01140,0.01134,0.5,83864,951,83389,1756501,20.94
AR,b,2010,62,0.01213,0.01206,0.5,82913,1000,82413,1673112,20.18
AR,b,2010,63,0.01399,0.01389,0.5,81913,1138,81344,1590699,19.42
AR,b,2010,64,0.01427,0.01417,0.5,80775,1145,80203,1509355,18.69
AR,b,2010,65,0.01589,0.01576,0.5,79631,1255,79003,1429151,17.95
AR,b,2010,66,0.01726,0.01711,0.5,78375,1341,77705,1350148,17.23
AR,b,2010,67,0.02020,0.01999,0.5,77035,1540,76265,1272443,16.52
AR,b,2010,68,0.02155,0.02132,0.5,75494,1610,74690,1196179,15.84
AR,b,2010,69,0.02152,0.02129,0.5,73885,1573,73098,1121489,15.18
AR,b,2010,70,0.02252,0.02227,0.5,72312,1611,71507,1048391,14.50
AR,b,2010,71,0.02491,0.02460,0.5,70701,1739,69832,976884,13.82
AR,b,2010,72,0.02850,0.02810,0.5,68962,1938,67993,907053,13.15
AR,b,2010,73,0.03138,0.03090,0.5,67024,2071,65988,839060,12.52
AR,b,2010,74,0.03094,0.03047,0.5,64953,1979,63964,773072,11.90
AR,b,2010,75,0.04012,0.03933,0.5,62974,2477,61736,709108,11.26
AR,b,2010,76,0.03899,0.03825,0.5,60497,2314,59340,647372,10.70
AR,b,2010,77,0.04196,0.04110,0.5,58183,2391,56988,588032,10.11
AR,b,2010,78,0.04492,0.04393,0.5,55792,2451,54567,531044,9.52
AR,b,2010,79,0.04990,0.04869,0.5,53341,2597,52043,476477,8.93
AR,b,2010,80,0.06117,0.05936,0.5,50744,3012,49238,424435,8.36
AR,b,2010,81,0.07065,0.06824,0.5,47732,3257,46103,375197,7.86
AR,b,2010,82,0.07579,0.07302,0.5,44475,3248,42851,329093,7.40
AR,b,2010,83,0.08138,0.07820,0.5,41227,3224,39615,286242,6.94
AR,b,2010,84,0.09092,0.08696,0.5,38003,3305,36351,246627,6.49
AR,b,2010,85,0.09788,0.09331,0.5,34698,3238,33080,210276,6.06
AR,b,2010,86,0.11543,0.10913,0.5,31461,3433,29744,177196,5.63
AR,b,2010,87,0.13051,0.12251,0.5,28027,3434,26311,147452,5.26
AR,b,2010,88,0.13429,0.12584,0.5,24594,3095,23046,121142,4.93
AR,b,2010,89,0.15326,0.14235,0.5,21499,3060,19969,98096,4.56
AR,b,2010,90,0.17906,0.16435,0.5,18438,3030,16923,78127,4.24
AR,b,2010,91,0.17700,0.16261,0.5,15408,2505,14155,61204,3.97
AR,b,2010,92,0.22586,0.20294,0.5,12903,2618,11593,47048,3.65
AR,b,2010,93,0.23126,0.20729,0.5,10284,2132,9218,35455,3.45
AR,b,2010,94,0.26234,0.23192,0.5,8152,1891,7207,26236,3.22
AR,b,2010,95,0.27274,0.24001,0.5,6262,1503,5510,19029,3.04
AR,b,2010,96,0.29755,0.25901,0.5,4759,1233,4142,13519,2.84
AR,b,2010,97,0.32366,0.27858,0.5,3526,982,3035,9377,2.66
AR,b,2010,98,0.35097,0.29857,0.5,2544,760,2164,6342,2.49
AR,b,2010,99,0.37934,0.31886,0.5,1784,569,1500,4178,2.34
AR,b,2010,100,0.40862,0.33930,0.5,1215,412,1009,2678,2.20
AR,b,2010,101,0.43862,0.35973,0.5,803,289,659,1669,2.08
AR,b,2010,102,0.46912,0.37999,0.5,514,195,416,1010,1.96
AR,b,2010,103,0.49992,0.39995,0.5,319,127,255,593,1.86
AR,b,2010,104,0.53077,0.41945,0.5,191,80,151,338,1.77
AR,b,2010,105,0.56143,0.43837,0.5,111,49,87,187,1.69
AR,b,2010,106,0.59168,0.45660,0.5,62,28,48,101,1.61
AR,b,2010,107,0.62129,0.47404,0.5,34,16,26,52,1.55
AR,b,2010,108,0.65007,0.49061,0.5,18,9,13,27,1.49
AR,b,2010,109,0.67783,0.50625,0.5,9,5,7,13,1.45
AR,b,2010,110+,0.70443,1.00000,1.42,4,4,6,6,1.42
AR,b,2011,0,0.00746,0.00741,0.07,100000,741,99310,7583667,75.84
AR,b,2011,1,0.00080,0.00080,0.5,99259,80,99219,7484356,75.40
AR,b,2011,2,0.00018,0.00018,0.5,99179,18,99171,7385137,74.46
AR,b,2011,3,0.00017,0.00017,0.5,99162,17,99153,7285966,73.48
AR,b,2011,4,0.00022,0.00022,0.5,99144,22,99133,7186813,72.49
AR,b,2011,5,0.00015,0.00015,0.5,99122,15,99115,7087680,71.50
AR,b,2011,6,0.00013,0.00013,0.5,99107,12,99101,6988565,70.52
AR,b,2011,7,0.00013,0.00013,0.5,99095,13,99089,6889464,69.52
AR,b,2011,8,0.00015,0.00015,0.5,99082,15,99075,6790376,68.53
AR,b,2011,9,0.00010,0.00010,0.5,99067,10,99062,6691301,67.54
AR,b,2011,10,0.00013,0.00013,0.5,99057,12,99051,6592239,66.55
AR,b,2011,11,0.00015,0.00015,0.5,99045,15,99037,6493188,65.56
AR,b,2011,12,0.00020,0.00020,0.5,99030,20,99020,6394151,64.57
AR,b,2011,13,0.00023,0.00023,0.5,99010,23,98999,6295131,63.58
AR,b,2011,14,0.00033,0.00033,0.5,98987,33,98971,6196132,62.60
AR,b,2011,15,0.00038,0.00038,0.5,98955,38,98936,6097161,61.62
AR,b,2011,16,0.00056,0.00056,0.5,98917,55,98889,5998226,60.64
AR,b,2011,17,0.00052,0.00052,0.5,98862,52,98836,5899336,59.67
AR,b,2011,18,0.00068,0.00067,0.5,98810,67,98777,5800500,58.70
AR,b,2011,19,0.00096,0.00096,0.5,98743,94,98696,5701724,57.74
AR,b,2011,20,0.00122,0.00122,0.5,98649,120,98589,5603028,56.80
AR,b,2011,21,0.00126,0.00126,0.5,98529,124,98467,5504439,55.87
AR,b,2011,22,0.00105,0.00105,0.5,98405,104,98353,5405972,54.94
AR,b,2011,23,0.00114,0.00114,0.5,98301,112,98245,5307619,53.99
AR,b,2011,24,0.00132,0.00132,0.5,98190,130,98125,5209374,53.05
AR,b,2011,25,0.00136,0.00136,0.5,98060,134,97993,5111249,52.12
AR,b,2011,26,0.00115,0.00115,0.5,97927,113,97870,5013256,51.19
AR,b,2011,27,0.00175,0.00175,0.5,97814,171,97728,4915386,50.25
AR,b,2011,28,0.00143,0.00143,0.5,97642,140,97573,4817658,49.34
AR,b,2011,29,0.00154,0.00154,0.5,97503,151,97427,4720085,48.41
AR,b,2011,30,0.00151,0.00151,0.5,97352,147,97279,4622658,47.48
AR,b,2011,31,0.00163,0.00163,0.5,97205,159,97126,4525379,46.55
AR,b,2011,32,0.00161,0.00161,0.5,97046,156,96968,4428253,45.63
AR,b,2011,33,0.00189,0.00189,0.5,96890,183,96799,4331285,44.70
AR,b,2011,34,0.00202,0.00202,0.5,96707,196,96609,4234486,43.79
AR,b,2011,35,0.00185,0.00185,0.5,96511,178,96422,4137877,42.87
AR,b,2011,36,0.00188,0.00188,0.5,96333,181,96243,4041455,41.95
AR,b,2011,37,0.00218,0.00218,0.5,96152,210,96047,3945212,41.03
AR,b,2011,38,0.00244,0.00244,0.5,95942,234,95826,3849165,40.12
AR,b,2011,39,0.00249,0.00249,0.5,95709,238,95590,3753339,39.22
AR,b,2011,40,0.00230,0.00230,0.5,95470,219,95361,3657750,38.31
AR,b,2011,41,0.00227,0.00227,0.5,95251,216,95143,3562389,37.40
AR,b,2011,42,0.00261,0.00261,0.5,95035,248,94911,3467246,36.48
AR,b,2011,43,0.00301,0.00300,0.5,94787,285,94645,3372334,35.58
AR,b,2011,44,0.00334,0.00334,0.5,94503,315,94345,3277689,34.68
AR,b,2011,45,0.00327,0.00327,0.5,94187,308,94033,3183345,33.80
AR,b,2011,46,0.00433,0.00432,0.5,93879,405,93677,3089311,32.91
AR,b,2011,47,0.00467,0.00466,0.5,93474,435,93256,2995635,32.05
AR,b,2011,48,0.00483,0.00482,0.5,93038,448,92814,2902379,31.20
AR,b,2011,49,0.00598,0.00596,0.5,92590,552,92315,2809564,30.34
AR,b,2011,50,0.00643,0.00641,0.5,92039,590,91744,2717250,29.52
AR,b,2011,51,0.00581,0.00579,0.5,91449,530,91184,2625506,28.71
AR,b,2011,52,0.00721,0.00718,0.5,90919,653,90592,2534322,27.87
AR,b,2011,53,0.00721,0.00719,0.5,90266,649,89942,2443730,27.07
AR,b,2011,54,0.00807,0.00804,0.5,89617,720,89257,2353788,26.26
AR,b,2011,55,0.00886,0.00882,0.5,88897,784,88505,2264532,25.47
AR,b,2011,56,0.00851,0.00848,0.5,88113,747,87739,2176027,24.70
AR,b,2011,57,0.01022,0.01017,0.5,87366,888,86922,2088287,23.90
AR,b,2011,58,0.01081,0.01075,0.5,86477,930,86012,2001366,23.14
AR,b,2011,59,0.01081,0.01075,0.5,85547,920,85088,1915353,22.39
AR,b,2011,60,0.01136,0.01130,0.5,84628,956,84150,1830266,21.63
AR,b,2011,61,0.01240,0.01232,0.5,83672,1031,83156,1746116,20.87
AR,b,2011,62,0.01278,0.01270,0.5,82641,1050,82116,1662960,20.12
AR,b,2011,63,0.01421,0.01411,0.5,81591,1151,81015,1580844,19.38
AR,b,2011,64,0.01568,0.01556,0.5,80440,1252,79814,1499829,18.65
AR,b,2011,65,0.01470,0.01459,0.5,79188,1155,78611,1420015,17.93
AR,b,2011,66,0.01708,0.01693,0.5,78033,1321,77372,1341404,17.19
AR,b,2011,67,0.01821,0.01805,0.5,76712,1384,76020,1264032,16.48
AR,b,2011,68,0.02162,0.02139,0.5,75327,1611,74522,1188012,15.77
AR,b,2011,69,0.02275,0.02249,0.5,73716,1658,72887,1113490,15.11
AR,b,2011,70,0.02440,0.02410,0.5,72059,1737,71190,1040603,14.44
AR,b,2011,71,0.02705,0.02669,0.5,70322,1877,69383,969413,13.79
AR,b,2011,72,0.02604,0.02571,0.5,68445,1760,67565,900029,13.15
AR,b,2011,73,0.03256,0.03204,0.5,66685,2136,65617,832464,12.48
AR,b,2011,74,0.03241,0.03189,0.5,64549,2058,63520,766847,11.88
AR,b,2011,75,0.03650,0.03585,0.5,62491,2240,61370,703327,11.25
AR,b,2011,76,0.03728,0.03660,0.5,60250,2205,59148,641957,10.65
AR,b,2011,77,0.04354,0.04261,0.5,58045,2474,56809,582809,10.04
AR,b,2011,78,0.04807,0.04694,0.5,55572,2609,54267,526000,9.47
AR,b,2011,79,0.05131,0.05002,0.5,52963,2649,51638,471733,8.91
AR,b,2011,80,0.06311,0.06118,0.5,50314,3078,48775,420094,8.35
AR,b,2011,81,0.06575,0.06365,0.5,47236,3007,45732,371320,7.86
AR,b,2011,82,0.07248,0.06994,0.5,44229,3093,42682,325587,7.36
AR,b,2011,83,0.07992,0.07685,0.5,41136,3161,39555,282905,6.88
AR,b,2011,84,0.09001,0.08614,0.5,37974,3271,36339,243350,6.41
AR,b,2011,85,0.10572,0.10042,0.5,34703,3485,32961,207011,5.97
AR,b,2011,86,0.11188,0.10595,0.5,31219,3308,29565,174050,5.58
AR,b,2011,87,0.13068,0.12267,0.5,27911,3424,26199,144486,5.18
AR,b,2011,88,0.13780,0.12892,0.5,24487,3157,22909,118287,4.83
AR,b,2011,89,0.16253,0.15032,0.5,21330,3206,19727,95378,4.47
AR,b,2011,90,0.16486,0.15231,0.5,18124,2760,16744,75651,4.17
AR,b,2011,91,0.19538,0.17799,0.5,15364,2735,13996,58907,3.83
AR,b,2011,92,0.22094,0.19896,0.5,12629,2513,11373,44911,3.56
AR,b,2011,93,0.23142,0.20742,0.5,10116,2098,9067,33538,3.32
AR,b,2011,94,0.29649,0.25821,0.5,8018,2070,6983,24471,3.05
AR,b,2011,95,0.28343,0.24825,0.5,5948,1476,5209,17488,2.94
AR,b,2011,96,0.30955,0.26806,0.5,4471,1199,3872,12279,2.75
AR,b,2011,97,0.33697,0.28838,0.5,3273,944,2801,8407,2.57
AR,b,2011,98,0.36554,0.30906,0.5,2329,720,1969,5606,2.41
AR,b,2011,99,0.39512,0.32993,0.5,1609,531,1344,3637,2.26
AR,b,2011,100,0.42550,0.35086,0.5,1078,378,889,2294,2.13
AR,b,2011,101,0.45648,0.37165,0.5,700,260,570,1405,2.01
AR,b,2011,102,0.48783,0.39217,0.5,440,172,354,835,1.90
AR,b,2011,103,0.51930,0.41225,0.5,267,110,212,481,1.80
AR,b,2011,104,0.55064,0.43177,0.5,157,68,123,269,1.71
AR,b,2011,105,0.58161,0.45058,0.5,89,40,69,146,1.63
AR,b,2011,106,0.61198,0.46859,0.5,49,23,38,77,1.56
AR,b,2011,107,0.64153,0.48573,0.5,26,13,20,39,1.50
AR,b,2011,108,0.67007,0.50191,0.5,13,7,10,19,1.45
AR,b,2011,109,0.69742,0.51710,0.5,7,3,5,9,1.41
AR,b,2011,110+,0.72347,1.00000,1.38,3,3,4,4,1.38
AR,b,2012,0,0.00705,0.00700,0.07,100000,700,99347,7575338,75.75
AR,b,2012,1,0.00073,0.00073,0.5,99300,72,99264,7475991,75.29
AR,b,2012,2,0.00049,0.00049,0.5,99227,49,99203,7376727,74.34
AR,b,2012,3,0.00036,0.00036,0.5,99179,35,99161,7277524,73.38
AR,b,2012,4,0.00018,0.00018,0.5,99143,17,99134,7178363,72.40
AR,b,2012,5,0.00007,0.00007,0.5,99126,7,99122,7079229,71.42
AR,b,2012,6,0.00032,0.00032,0.5,99118,32,99102,6980107,70.42
AR,b,2012,7,0.00030,0.00030,0.5,99086,30,99071,6881004,69.44
AR,b,2012,8,0.00020,0.00020,0.5,99056,20,99046,6781933,68.47
AR,b,2012,9,0.00023,0.00023,0.5,99036,23,99025,6682887,67.48
AR,b,2012,10,0.00013,0.00013,0.5,99014,13,99007,6583862,66.49
AR,b,2012,11,0.00023,0.00023,0.5,99001,22,98990,6484854,65.50
AR,b,2012,12,0.00035,0.00035,0.5,98979,35,98961,6385864,64.52
AR,b,2012,13,0.00025,0.00025,0.5,98944,25,98932,6286903,63.54
AR,b,2012,14,0.00030,0.00030,0.5,98919,30,98904,6187971,62.56
AR,b,2012,15,0.00043,0.00043,0.5,98889,42,98868,6089067,61.57
AR,b,2012,16,0.00046,0.00046,0.5,98847,45,98824,5990198,60.60
AR,b,2012,17,0.00061,0.00061,0.5,98802,60,98772,5891374,59.63
AR,b,2012,18,0.00084,0.00084,0.5,98742,83,98700,5792602,58.66
AR,b,2012,19,0.00109,0.00109,0.5,98659,107,98605,5693902,57.71
AR,b,2012,20,0.00087,0.00087,0.5,98551,85,98509,5595297,56.78
AR,b,2012,21,0.00114,0.00114,0.5,98466,113,98410,5496788,55.82
AR,b,2012,22,0.00126,0.00126,0.5,98353,124,98292,5398378,54.89
AR,b,2012,23,0.00113,0.00113,0.5,98230,111,98174,5300087,53.96
AR,b,2012,24,0.00124,0.00124,0.5,98118,122,98058,5201912,53.02
AR,b,2012,25,0.00133,0.00133,0.5,97997,130,97932,5103855,52.08
AR,b,2012,26,0.00150,0.00150,0.5,97867,147,97794,5005923,51.15
AR,b,2012,27,0.00131,0.00131,0.5,97720,128,97656,4908129,50.23
AR,b,2012,28,0.00170,0.00170,0.5,97592,166,97510,4810473,49.29
AR,b,2012,29,0.00163,0.00163,0.5,97427,159,97347,4712963,48.37
AR,b,2012,30,0.00126,0.00126,0.5,97268,123,97206,4615616,47.45
AR,b,2012,31,0.00166,0.00166,0.5,97145,161,97064,4518410,46.51
AR,b,2012,32,0.00146,0.00146,0.5,96983,142,96913,4421345,45.59
AR,b,2012,33,0.00154,0.00154,0.5,96842,149,96767,4324433,44.65
AR,b,2012,34,0.00207,0.00207,0.5,96693,200,96593,4227666,43.72
AR,b,2012,35,0.00220,0.00220,0.5,96493,212,96387,4131073,42.81
AR,b,2012,36,0.00233,0.00233,0.5,96280,224,96168,4034686,41.91
AR,b,2012,37,0.00179,0.00179,0.5,96056,172,95970,3938518,41.00
AR,b,2012,38,0.00214,0.00214,0.5,95884,205,95781,3842548,40.08
AR,b,2012,39,0.00223,0.00223,0.5,95679,213,95572,3746767,39.16
AR,b,2012,40,0.00270,0.00269,0.5,95466,257,95337,3651194,38.25
AR,b,2012,41,0.00217,0.00216,0.5,95209,206,95106,3555857,37.35
AR,b,2012,42,0.00262,0.00262,0.5,95003,249,94878,3460751,36.43
AR,b,2012,43,0.00285,0.00284,0.5,94754,270,94619,3365873,35.52
AR,b,2012,44,0.00396,0.00395,0.5,94485,374,94298,3271253,34.62
AR,b,2012,45,0.00406,0.00405,0.5,94111,381,93920,3176956,33.76
AR,b,2012,46,0.00417,0.00416,0.5,93729,390,93534,3083035,32.89
AR,b,2012,47,0.00461,0.00460,0.5,93339,429,93125,2989501,32.03
AR,b,2012,48,0.00493,0.00492,0.5,92910,457,92681,2896376,31.17
AR,b,2012,49,0.00523,0.00522,0.5,92453,482,92212,2803695,30.33
AR,b,2012,50,0.00538,0.00536,0.5,91970,493,91724,2711483,29.48
AR,b,2012,51,0.00673,0.00671,0.5,91477,613,91171,2619759,28.64
AR,b,2012,52,0.00761,0.00758,0.5,90864,688,90520,2528589,27.83
AR,b,2012,53,0.00682,0.00680,0.5,90175,613,89869,2438069,27.04
AR,b,2012,54,0.00703,0.00700,0.5,89563,627,89249,2348200,26.22
AR,b,2012,55,0.00809,0.00806,0.5,88935,717,88577,2258951,25.40
AR,b,2012,56,0.01047,0.01041,0.5,88219,919,87759,2170374,24.60
AR,b,2012,57,0.01047,0.01042,0.5,87300,910,86845,2082615,23.86
AR,b,2012,58,0.01007,0.01002,0.5,86390,866,85958,1995770,23.10
AR,b,2012,59,0.01132,0.01126,0.5,85525,963,85043,1909812,22.33
AR,b,2012,60,0.01253,0.01246,0.5,84562,1053,84035,1824769,21.58
AR,b,2012,61,0.01267,0.01259,0.5,83509,1051,82983,1740734,20.84
AR,b,2012,62,0.01260,0.01252,0.5,82458,1032,81942,1657750,20.10
AR,b,2012,63,0.01375,0.01366,0.5,81425,1112,80869,1575809,19.35
AR,b,2012,64,0.01560,0.01548,0.5,80313,1243,79692,1494939,18.61
AR,b,2012,65,0.01698,0.01684,0.5,79070,1331,78405,1415248,17.90
AR,b,2012,66,0.01594,0.01582,0.5,77739,1230,77124,1336843,17.20
AR,b,2012,67,0.01869,0.01851,0.5,76509,1416,75801,1259719,16.46
AR,b,2012,68,0.02160,0.02137,0.5,75093,1605,74291,1183918,15.77
AR,b,2012,69,0.02378,0.02350,0.5,73488,1727,72625,1109628,15.10
AR,b,2012,70,0.02368,0.02340,0.5,71761,1679,70921,1037003,14.45
AR,b,2012,71,0.02612,0.02579,0.5,70082,1807,69178,966081,13.79
AR,b,2012,72,0.02810,0.02771,0.5,68275,1892,67329,896903,13.14
AR,b,2012,73,0.02934,0.02892,0.5,66383,1920,65423,829575,12.50
AR,b,2012,74,0.03491,0.03431,0.5,64463,2212,63357,764152,11.85
AR,b,2012,75,0.03559,0.03496,0.5,62251,2176,61163,700795,11.26
AR,b,2012,76,0.03786,0.03716,0.5,60075,2232,58958,639632,10.65
AR,b,2012,77,0.04452,0.04355,0.5,57842,2519,56583,580673,10.04
AR,b,2012,78,0.04583,0.04481,0.5,55323,2479,54084,524091,9.47
AR,b,2012,79,0.05369,0.05229,0.5,52844,2763,51463,470007,8.89
AR,b,2012,80,0.06269,0.06079,0.5,50081,3044,48559,418545,8.36
AR,b,2012,81,0.06572,0.06363,0.5,47037,2993,45540,369986,7.87
AR,b,2012,82,0.07685,0.07401,0.5,44044,3260,42414,324446,7.37
AR,b,2012,83,0.08159,0.07839,0.5,40784,3197,39186,282032,6.92
AR,b,2012,84,0.09490,0.09060,0.5,37587,3405,35884,242846,6.46
AR,b,2012,85,0.10364,0.09853,0.5,34182,3368,32498,206962,6.05
AR,b,2012,86,0.11816,0.11157,0.5,30814,3438,29095,174464,5.66
AR,b,2012,87,0.12946,0.12159,0.5,27376,3329,25712,145369,5.31
AR,b,2012,88,0.12853,0.12077,0.5,24047,2904,22595,119657,4.98
AR,b,2012,89,0.14668,0.13666,0.5,21143,2889,19698,97062,4.59
AR,b,2012,90,0.17510,0.16100,0.5,18254,2939,16784,77364,4.24
AR,b,2012,91,0.19019,0.17367,0.5,15315,2660,13985,60580,3.96
AR,b,2012,92,0.22059,0.19868,0.5,12655,2514,11398,46595,3.68
AR,b,2012,93,0.22174,0.19961,0.5,10141,2024,9129,35197,3.47
AR,b,2012,94,0.25928,0.22953,0.5,8117,1863,7185,26068,3.21
AR,b,2012,95,0.27495,0.24172,0.5,6254,1512,5498,18883,3.02
AR,b,2012,96,0.29993,0.26082,0.5,4742,1237,4124,13385,2.82
AR,b,2012,97,0.32621,0.28046,0.5,3505,983,3014,9262,2.64
AR,b,2012,98,0.35367,0.30053,0.5,2522,758,2143,6248,2.48
AR,b,2012,99,0.38219,0.32087,0.5,1764,566,1481,4105,2.33
AR,b,2012,100,0.41159,0.34135,0.5,1198,409,994,2624,2.19
AR,b,2012,101,0.44169,0.36179,0.5,789,285,646,1630,2.07
AR,b,2012,102,0.47227,0.38206,0.5,504,192,407,984,1.95
AR,b,2012,103,0.50311,0.40199,0.5,311,125,249,576,1.85
AR,b,2012,104,0.53398,0.42145,0.5,186,78,147,328,1.76
AR,b,2012,105,0.56463,0.44032,0.5,108,47,84,181,1.68
AR,b,2012,106,0.59483,0.45847,0.5,60,28,46,97,1.61
AR,b,2012,107,0.62437,0.47582,0.5,33,16,25,50,1.54
AR,b,2012,108,0.65305,0.49230,0.5,17,8,13,25,1.49
AR,b,2012,109,0.68069,0.50785,0.5,9,4,6,13,1.44
AR,b,2012,110+,0.70714,1.00000,1.41,4,4,6,6,1.41
AR,b,2013,0,0.00759,0.00754,0.07,100000,754,99298,7577945,75.78
AR,b,2013,1,0.00073,0.00073,0.5,99246,73,99210,7478647,75.35
AR,b,2013,2,0.00029,0.00029,0.5,99173,28,99159,7379437,74.41
AR,b,2013,3,0.00018,0.00018,0.5,99145,18,99136,7280279,73.43
AR,b,2013,4,0.00020,0.00020,0.5,99127,20,99117,7181143,72.44
AR,b,2013,5,0.00030,0.00030,0.5,99107,30,99092,7082026,71.46
AR,b,2013,6,0.00017,0.00017,0.5,99077,17,99068,6982934,70.48
AR,b,2013,7,0.00020,0.00020,0.5,99060,20,99050,6883866,69.49
AR,b,2013,8,0.00020,0.00020,0.5,99040,20,99030,6784816,68.51
AR,b,2013,9,0.00020,0.00020,0.5,99020,20,99010,6685787,67.52
AR,b,2013,10,0.00005,0.00005,0.5,99000,5,98997,6586777,66.53
AR,b,2013,11,0.00013,0.00013,0.5,98995,13,98988,6487779,65.54
AR,b,2013,12,0.00018,0.00018,0.5,98982,17,98974,6388791,64.54
AR,b,2013,13,0.00030,0.00030,0.5,98965,30,98950,6289817,63.56
AR,b,2013,14,0.00033,0.00033,0.5,98935,32,98919,6190867,62.57
AR,b,2013,15,0.00038,0.00038,0.5,98903,37,98884,6091948,61.60
AR,b,2013,16,0.00043,0.00043,0.5,98866,42,98844,5993064,60.62
AR,b,2013,17,0.00058,0.00058,0.5,98823,58,98794,5894220,59.64
AR,b,2013,18,0.00070,0.00070,0.5,98766,69,98731,5795425,58.68
AR,b,2013,19,0.00078,0.00078,0.5,98697,77,98658,5696694,57.72
AR,b,2013,20,0.00125,0.00125,0.5,98620,123,98558,5598036,56.76
AR,b,2013,21,0.00103,0.00103,0.5,98496,101,98446,5499478,55.83
AR,b,2013,22,0.00102,0.00102,0.5,98395,100,98345,5401032,54.89
AR,b,2013,23,0.00107,0.00107,0.5,98294,105,98242,5302688,53.95
AR,b,2013,24,0.00097,0.00097,0.5,98190,95,98142,5204446,53.00
AR,b,2013,25,0.00130,0.00130,0.5,98094,128,98030,5106304,52.06
AR,b,2013,26,0.00123,0.00123,0.5,97967,121,97906,5008273,51.12
AR,b,2013,27,0.00140,0.00139,0.5,97846,136,97778,4910367,50.18
AR,b,2013,28,0.00136,0.00136,0.5,97710,133,97643,4812589,49.25
AR,b,2013,29,0.00144,0.00144,0.5,97576,140,97506,4714946,48.32
AR,b,2013,30,0.00145,0.00145,0.5,97436,142,97365,4617440,47.39
AR,b,2013,31,0.00158,0.00158,0.5,97294,153,97218,4520075,46.46
AR,b,2013,32,0.00169,0.00169,0.5,97141,164,97059,4422858,45.53
AR,b,2013,33,0.00201,0.00201,0.5,96977,195,96879,4325799,44.61
AR,b,2013,34,0.00204,0.00204,0.5,96782,198,96683,4228920,43.70
AR,b,2013,35,0.00206,0.00206,0.5,96584,199,96485,4132236,42.78
AR,b,2013,36,0.00212,0.00212,0.5,96386,204,96284,4035751,41.87
AR,b,2013,37,0.00225,0.00225,0.5,96182,217,96073,3939467,40.96
AR,b,2013,38,0.00188,0.00188,0.5,95965,181,95875,3843394,40.05
AR,b,2013,39,0.00240,0.00240,0.5,95784,229,95670,3747520,39.12
AR,b,2013,40,0.00285,0.00285,0.5,95555,272,95419,3651850,38.22
AR,b,2013,41,0.00267,0.00267,0.5,95283,254,95156,3556431,37.32
AR,b,2013,42,0.00285,0.00285,0.5,95029,271,94893,3461275,36.42
AR,b,2013,43,0.00275,0.00275,0.5,94758,260,94628,3366382,35.53
AR,b,2013,44,0.00326,0.00325,0.5,94497,307,94344,3271755,34.62
AR,b,2013,45,0.00380,0.00379,0.5,94190,357,94011,3177411,33.73
AR,b,2013,46,0.00417,0.00416,0.5,93833,390,93637,3083400,32.86
AR,b,2013,47,0.00389,0.00389,0.5,93442,363,93261,2989762,32.00
AR,b,2013,48,0.00491,0.00489,0.5,93079,456,92851,2896502,31.12
AR,b,2013,49,0.00563,0.00561,0.5,92624,520,92364,2803650,30.27
AR,b,2013,50,0.00610,0.00608,0.5,92104,560,91824,2711287,29.44
AR,b,2013,51,0.00586,0.00585,0.5,91544,535,91276,2619463,28.61
AR,b,2013,52,0.00608,0.00606,0.5,91008,552,90733,2528187,27.78
AR,b,2013,53,0.00754,0.00752,0.5,90457,680,90117,2437454,26.95
AR,b,2013,54,0.00755,0.00753,0.5,89777,676,89439,2347337,26.15
AR,b,2013,55,0.00958,0.00953,0.5,89101,849,88677,2257898,25.34
AR,b,2013,56,0.00952,0.00947,0.5,88252,836,87834,2169222,24.58
AR,b,2013,57,0.00965,0.00960,0.5,87416,840,86996,2081388,23.81
AR,b,2013,58,0.01097,0.01091,0.5,86576,945,86104,1994392,23.04
AR,b,2013,59,0.01167,0.01160,0.5,85632,993,85135,1908288,22.28
AR,b,2013,60,0.01302,0.01294,0.5,84638,1095,84091,1823153,21.54
AR,b,2013,61,0.01275,0.01267,0.5,83543,1058,83014,1739062,20.82
AR,b,2013,62,0.01302,0.01294,0.5,82485,1067,81951,1656048,20.08
AR,b,2013,63,0.01391,0.01382,0.5,81418,1125,80855,1574097,19.33
AR,b,2013,64,0.01510,0.01498,0.5,80293,1203,79691,1493242,18.60
AR,b,2013,65,0.01802,0.01785,0.5,79090,1412,78384,1413551,17.87
AR,b,2013,66,0.01771,0.01755,0.5,77677,1363,76996,1335167,17.19
AR,b,2013,67,0.01795,0.01779,0.5,76314,1358,75635,1258171,16.49
AR,b,2013,68,0.01987,0.01967,0.5,74956,1475,74219,1182536,15.78
AR,b,2013,69,0.02334,0.02307,0.5,73482,1695,72634,1108317,15.08
AR,b,2013,70,0.02451,0.02422,0.5,71786,1738,70917,1035683,14.43
AR,b,2013,71,0.02765,0.02728,0.5,70048,1911,69093,964766,13.77
AR,b,2013,72,0.02904,0.02863,0.5,68137,1951,67162,895673,13.15
AR,b,2013,73,0.03074,0.03028,0.5,66187,2004,65185,828511,12.52
AR,b,2013,74,0.03199,0.03148,0.5,64183,2021,63172,763327,11.89
AR,b,2013,75,0.03782,0.03712,0.5,62162,2307,61008,700154,11.26
AR,b,2013,76,0.03952,0.03875,0.5,59855,2320,58695,639146,10.68
AR,b,2013,77,0.04445,0.04349,0.5,57535,2502,56284,580451,10.09
AR,b,2013,78,0.04632,0.04528,0.5,55033,2492,53787,524167,9.52
AR,b,2013,79,0.05328,0.05190,0.5,52541,2727,51178,470380,8.95
AR,b,2013,80,0.06399,0.06201,0.5,49814,3089,48270,419203,8.42
AR,b,2013,81,0.06754,0.06533,0.5,46726,3053,45199,370932,7.94
AR,b,2013,82,0.07487,0.07217,0.5,43673,3152,42097,325733,7.46
AR,b,2013,83,0.08275,0.07946,0.5,40521,3220,38911,283636,7.00
AR,b,2013,84,0.09260,0.08850,0.5,37301,3301,35651,244725,6.56
AR,b,2013,85,0.10062,0.09580,0.5,34000,3257,32371,209074,6.15
AR,b,2013,86,0.10761,0.10211,0.5,30743,3139,29173,176703,5.75
AR,b,2013,87,0.11962,0.11287,0.5,27603,3116,26046,147530,5.34
AR,b,2013,88,0.14381,0.13416,0.5,24488,3285,22845,121484,4.96
AR,b,2013,89,0.14935,0.13897,0.5,21203,2947,19729,98639,4.65
AR,b,2013,90,0.16898,0.15582,0.5,18256,2845,16834,78909,4.32
AR,b,2013,91,0.18637,0.17048,0.5,15412,2627,14098,62076,4.03
AR,b,2013,92,0.19818,0.18031,0.5,12784,2305,11632,47978,3.75
AR,b,2013,93,0.24207,0.21593,0.5,10479,2263,9348,36346,3.47
AR,b,2013,94,0.24392,0.21741,0.5,8216,1786,7323,26999,3.29
AR,b,2013,95,0.27023,0.23806,0.5,6430,1531,5665,19676,3.06
AR,b,2013,96,0.29491,0.25701,0.5,4899,1259,4270,14011,2.86
AR,b,2013,97,0.32092,0.27655,0.5,3640,1007,3137,9741,2.68
AR,b,2013,98,0.34817,0.29655,0.5,2633,781,2243,6605,2.51
AR,b,2013,99,0.37653,0.31687,0.5,1852,587,1559,4362,2.35
AR,b,2013,100,0.40584,0.33738,0.5,1265,427,1052,2803,2.21
AR,b,2013,101,0.43590,0.35790,0.5,839,300,688,1751,2.09
AR,b,2013,102,0.46651,0.37828,0.5,538,204,437,1062,1.97
AR,b,2013,103,0.49745,0.39836,0.5,335,133,268,626,1.87
AR,b,2013,104,0.52846,0.41801,0.5,201,84,159,358,1.78
AR,b,2013,105,0.55932,0.43708,0.5,117,51,92,198,1.69
AR,b,2013,106,0.58977,0.45546,0.5,66,30,51,107,1.62
AR,b,2013,107,0.61961,0.47305,0.5,36,17,27,56,1.55
AR,b,2013,108,0.64861,0.48977,0.5,19,9,14,28,1.50
AR,b,2013,109,0.67660,0.50556,0.5,10,5,7,14,1.45
AR,b,2013,110+,0.70341,1.00000,1.42,5,5,7,7,1.42
AR,b,2014,0,0.00763,0.00757,0.07,100000,757,99295,7584334,75.84
AR,b,2014,1,0.00040,0.00040,0.5,99243,39,99223,7485039,75.42
AR,b,2014,2,0.00042,0.00042,0.5,99204,42,99183,7385816,74.45
AR,b,2014,3,0.00016,0.00016,0.5,99162,15,99154,7286633,73.48
AR,b,2014,4,0.00023,0.00023,0.5,99147,23,99135,7187479,72.49
AR,b,2014,5,0.00018,0.00018,0.5,99123,18,99115,7088344,71.51
AR,b,2014,6,0.00005,0.00005,0.5,99106,5,99103,6989229,70.52
AR,b,2014,7,0.00025,0.00025,0.5,99101,25,99088,6890126,69.53
AR,b,2014,8,0.00017,0.00017,0.5,99076,17,99068,6791037,68.54
AR,b,2014,9,0.00013,0.00013,0.5,99059,12,99053,6691970,67.56
AR,b,2014,10,0.00020,0.00020,0.5,99046,20,99036,6592917,66.56
AR,b,2014,11,0.00026,0.00025,0.5,99026,25,99014,6493881,65.58
AR,b,2014,12,0.00015,0.00015,0.5,99001,15,98994,6394867,64.59
AR,b,2014,13,0.00023,0.00023,0.5,98986,22,98975,6295874,63.60
AR,b,2014,14,0.00037,0.00037,0.5,98964,37,98945,6196899,62.62
AR,b,2014,15,0.00033,0.00033,0.5,98926,32,98910,6097954,61.64
AR,b,2014,16,0.00045,0.00045,0.5,98894,45,98872,5999043,60.66
AR,b,2014,17,0.00050,0.00050,0.5,98849,50,98825,5900172,59.69
AR,b,2014,18,0.00093,0.00093,0.5,98800,92,98754,5801347,58.72
AR,b,2014,19,0.00104,0.00104,0.5,98707,103,98656,5702593,57.77
AR,b,2014,20,0.00105,0.00105,0.5,98605,103,98553,5603937,56.83
AR,b,2014,21,0.00099,0.00098,0.5,98501,97,98453,5505384,55.89
AR,b,2014,22,0.00093,0.00093,0.5,98404,91,98359,5406932,54.95
AR,b,2014,23,0.00071,0.00071,0.5,98313,70,98278,5308573,54.00
AR,b,2014,24,0.00103,0.00103,0.5,98243,101,98192,5210295,53.03
AR,b,2014,25,0.00130,0.00130,0.5,98142,128,98078,5112103,52.09
AR,b,2014,26,0.00106,0.00106,0.5,98014,103,97962,5014025,51.16
AR,b,2014,27,0.00121,0.00121,0.5,97911,118,97851,4916063,50.21
AR,b,2014,28,0.00196,0.00195,0.5,97792,191,97697,4818212,49.27
AR,b,2014,29,0.00134,0.00134,0.5,97601,131,97536,4720515,48.37
AR,b,2014,30,0.00108,0.00108,0.5,97470,105,97418,4622979,47.43
AR,b,2014,31,0.00188,0.00188,0.5,97365,183,97274,4525561,46.48
AR,b,2014,32,0.00182,0.00181,0.5,97183,176,97095,4428287,45.57
AR,b,2014,33,0.00190,0.00190,0.5,97006,184,96914,4331193,44.65
AR,b,2014,34,0.00178,0.00177,0.5,96822,172,96736,4234279,43.73
AR,b,2014,35,0.00203,0.00203,0.5,96650,196,96552,4137542,42.81
AR,b,2014,36,0.00206,0.00206,0.5,96454,199,96355,4040990,41.90
AR,b,2014,37,0.00213,0.00212,0.5,96256,204,96154,3944635,40.98
AR,b,2014,38,0.00198,0.00198,0.5,96051,190,95957,3848481,40.07
AR,b,2014,39,0.00262,0.00262,0.5,95862,251,95736,3752525,39.15
AR,b,2014,40,0.00249,0.00248,0.5,95611,238,95492,3656789,38.25
AR,b,2014,41,0.00339,0.00338,0.5,95373,323,95212,3561297,37.34
AR,b,2014,42,0.00320,0.00320,0.5,95050,304,94898,3466085,36.47
AR,b,2014,43,0.00335,0.00334,0.5,94747,317,94588,3371187,35.58
AR,b,2014,44,0.00359,0.00359,0.5,94430,339,94260,3276599,34.70
AR,b,2014,45,0.00428,0.00427,0.5,94091,402,93890,3182338,33.82
AR,b,2014,46,0.00391,0.00390,0.5,93689,366,93506,3088449,32.96
AR,b,2014,47,0.00405,0.00404,0.5,93323,377,93135,2994943,32.09
AR,b,2014,48,0.00491,0.00490,0.5,92946,456,92718,2901808,31.22
AR,b,2014,49,0.00585,0.00584,0.5,92490,540,92221,2809090,30.37
AR,b,2014,50,0.00608,0.00606,0.5,91951,558,91672,2716869,29.55
AR,b,2014,51,0.00644,0.00642,0.5,91393,587,91099,2625197,28.72
AR,b,2014,52,0.00659,0.00656,0.5,90806,596,90508,2534098,27.91
AR,b,2014,53,0.00751,0.00748,0.5,90210,675,89872,2443590,27.09
AR,b,2014,54,0.00867,0.00863,0.5,89535,773,89148,2353718,26.29
AR,b,2014,55,0.00824,0.00821,0.5,88762,728,88398,2264569,25.51
AR,b,2014,56,0.00900,0.00896,0.5,88034,789,87639,2176171,24.72
AR,b,2014,57,0.00991,0.00986,0.5,87245,860,86814,2088532,23.94
AR,b,2014,58,0.01045,0.01040,0.5,86384,898,85935,2001718,23.17
AR,b,2014,59,0.01217,0.01209,0.5,85486,1034,84969,1915783,22.41
AR,b,2014,60,0.01327,0.01318,0.5,84452,1113,83895,1830813,21.68
AR,b,2014,61,0.01323,0.01314,0.5,83339,1095,82791,1746918,20.96
AR,b,2014,62,0.01321,0.01312,0.5,82243,1079,81704,1664127,20.23
AR,b,2014,63,0.01398,0.01389,0.5,81164,1127,80601,1582423,19.50
AR,b,2014,64,0.01620,0.01607,0.5,80037,1286,79394,1501822,18.76
AR,b,2014,65,0.01767,0.01752,0.5,78751,1380,78061,1422428,18.06
AR,b,2014,66,0.01734,0.01720,0.5,77371,1330,76706,1344367,17.38
AR,b,2014,67,0.01896,0.01879,0.5,76041,1428,75327,1267661,16.67
AR,b,2014,68,0.02073,0.02052,0.5,74613,1531,73847,1192334,15.98
AR,b,2014,69,0.02131,0.02108,0.5,73082,1541,72311,1118487,15.30
AR,b,2014,70,0.02502,0.02472,0.5,71541,1768,70657,1046176,14.62
AR,b,2014,71,0.02630,0.02596,0.5,69773,1811,68867,975519,13.98
AR,b,2014,72,0.02637,0.02603,0.5,67961,1769,67077,906652,13.34
AR,b,2014,73,0.03016,0.02971,0.5,66193,1967,65209,839575,12.68
AR,b,2014,74,0.03349,0.03294,0.5,64226,2115,63168,774365,12.06
AR,b,2014,75,0.03566,0.03504,0.5,62111,2176,61022,711197,11.45
AR,b,2014,76,0.03894,0.03820,0.5,59934,2289,58790,650175,10.85
AR,b,2014,77,0.04289,0.04199,0.5,57645,2421,56435,591385,10.26
AR,b,2014,78,0.04692,0.04584,0.5,55224,2532,53959,534950,9.69
AR,b,2014,79,0.05145,0.05016,0.5,52693,2643,51371,480992,9.13
AR,b,2014,80,0.05851,0.05685,0.5,50050,2845,48627,429620,8.58
AR,b,2014,81,0.06465,0.06262,0.5,47205,2956,45727,380993,8.07
AR,b,2014,82,0.07866,0.07569,0.5,44249,3349,42574,335267,7.58
AR,b,2014,83,0.08421,0.08080,0.5,40900,3305,39247,292693,7.16
AR,b,2014,84,0.08516,0.08168,0.5,37595,3071,36059,253445,6.74
AR,b,2014,85,0.09553,0.09117,0.5,34524,3148,32950,217386,6.30
AR,b,2014,86,0.10327,0.09820,0.5,31376,3081,29836,184436,5.88
AR,b,2014,87,0.11926,0.11255,0.5,28295,3185,26703,154600,5.46
AR,b,2014,88,0.14006,0.13089,0.5,25111,3287,23467,127897,5.09
AR,b,2014,89,0.15699,0.14557,0.5,21824,3177,20236,104429,4.79
AR,b,2014,90,0.14895,0.13863,0.5,18647,2585,17355,84194,4.52
AR,b,2014,91,0.17865,0.16400,0.5,16062,2634,14745,66839,4.16
AR,b,2014,92,0.19646,0.17888,0.5,13428,2402,12227,52094,3.88
AR,b,2014,93,0.21513,0.19424,0.5,11026,2142,9955,39868,3.62
AR,b,2014,94,0.24535,0.21854,0.5,8884,1942,7913,29913,3.37
AR,b,2014,95,0.25936,0.22959,0.5,6943,1594,6146,21999,3.17
AR,b,2014,96,0.28283,0.24779,0.5,5349,1325,4686,15854,2.96
AR,b,2014,97,0.30758,0.26658,0.5,4023,1073,3487,11168,2.78
AR,b,2014,98,0.33355,0.28587,0.5,2951,844,2529,7681,2.60
AR,b,2014,99,0.36061,0.30552,0.5,2107,644,1785,5152,2.44
AR,b,2014,100,0.38864,0.32541,0.5,1463,476,1225,3366,2.30
AR,b,2014,101,0.41748,0.34539,0.5,987,341,817,2141,2.17
AR,b,2014,102,0.44695,0.36531,0.5,646,236,528,1324,2.05
AR,b,2014,103,0.47685,0.38505,0.5,410,158,331,796,1.94
AR,b,2014,104,0.50697,0.40445,0.5,252,102,201,465,1.84
AR,b,2014,105,0.53708,0.42338,0.5,150,64,118,264,1.75
AR,b,2014,106,0.56697,0.44174,0.5,87,38,67,145,1.68
AR,b,2014,107,0.59642,0.45942,0.5,48,22,37,78,1.61
AR,b,2014,108,0.62523,0.47633,0.5,26,12,20,40,1.55
AR,b,2014,109,0.65322,0.49240,0.5,14,7,10,21,1.50
AR,b,2014,110+,0.68023,1.00000,1.47,7,7,10,10,1.47
AR,b,2015,0,0.00765,0.00759,0.07,100000,759,99294,7556017,75.56
AR,b,2015,1,0.00047,0.00047,0.5,99241,47,99217,7456723,75.14
AR,b,2015,2,0.00018,0.00018,0.5,99194,18,99185,7357506,74.17
AR,b,2015,3,0.00039,0.00039,0.5,99176,39,99156,7258321,73.19
AR,b,2015,4,0.00008,0.00008,0.5,99137,8,99133,7159165,72.22
AR,b,2015,5,0.00036,0.00036,0.5,99129,36,99111,7060032,71.22
AR,b,2015,6,0.00018,0.00018,0.5,99093,18,99084,6960921,70.25
AR,b,2015,7,0.00013,0.00013,0.5,99075,12,99069,6861837,69.26
AR,b,2015,8,0.00017,0.00017,0.5,99063,17,99054,6762768,68.27
AR,b,2015,9,0.00015,0.00015,0.5,99046,15,99038,6663714,67.28
AR,b,2015,10,0.00005,0.00005,0.5,99031,5,99028,6564675,66.29
AR,b,2015,11,0.00020,0.00020,0.5,99026,20,99016,6465647,65.29
AR,b,2015,12,0.00015,0.00015,0.5,99006,15,98998,6366631,64.31
AR,b,2015,13,0.00020,0.00020,0.5,98991,20,98981,6267633,63.32
AR,b,2015,14,0.00020,0.00020,0.5,98970,20,98960,6168652,62.33
AR,b,2015,15,0.00037,0.00037,0.5,98951,37,98932,6069692,61.34
AR,b,2015,16,0.00058,0.00058,0.5,98914,57,98885,5970760,60.36
AR,b,2015,17,0.00055,0.00055,0.5,98857,55,98829,5871875,59.40
AR,b,2015,18,0.00075,0.00075,0.5,98802,74,98765,5773046,58.43
AR,b,2015,19,0.00125,0.00125,0.5,98728,123,98667,5674280,57.47
AR,b,2015,20,0.00101,0.00101,0.5,98605,100,98555,5575614,56.54
AR,b,2015,21,0.00100,0.00100,0.5,98505,99,98456,5477059,55.60
AR,b,2015,22,0.00124,0.00124,0.5,98407,122,98346,5378603,54.66
AR,b,2015,23,0.00109,0.00108,0.5,98285,107,98231,5280257,53.72
AR,b,2015,24,0.00137,0.00137,0.5,98178,134,98111,5182026,52.78
AR,b,2015,25,0.00142,0.00141,0.5,98044,139,97975,5083915,51.85
AR,b,2015,26,0.00097,0.00097,0.5,97905,95,97858,4985940,50.93
AR,b,2015,27,0.00108,0.00108,0.5,97811,106,97758,4888082,49.97
AR,b,2015,28,0.00129,0.00129,0.5,97705,126,97642,4790324,49.03
AR,b,2015,29,0.00156,0.00156,0.5,97579,152,97502,4692683,48.09
AR,b,2015,30,0.00174,0.00174,0.5,97426,169,97342,4595180,47.17
AR,b,2015,31,0.00155,0.00155,0.5,97257,151,97182,4497839,46.25
AR,b,2015,32,0.00149,0.00149,0.5,97106,144,97034,4400657,45.32
AR,b,2015,33,0.00190,0.00189,0.5,96962,184,96870,4303623,44.38
AR,b,2015,34,0.00210,0.00210,0.5,96778,203,96676,4206753,43.47
AR,b,2015,35,0.00222,0.00222,0.5,96575,215,96467,4110077,42.56
AR,b,2015,36,0.00243,0.00243,0.5,96360,234,96243,4013609,41.65
AR,b,2015,37,0.00198,0.00198,0.5,96126,190,96031,3917366,40.75
AR,b,2015,38,0.00294,0.00294,0.5,95936,282,95795,3821335,39.83
AR,b,2015,39,0.00241,0.00241,0.5,95654,230,95539,3725539,38.95
AR,b,2015,40,0.00234,0.00234,0.5,95424,223,95313,3630000,38.04
AR,b,2015,41,0.00309,0.00308,0.5,95201,294,95054,3534687,37.13
AR,b,2015,42,0.00284,0.00284,0.5,94907,269,94773,3439633,36.24
AR,b,2015,43,0.00341,0.00341,0.5,94638,322,94477,3344861,35.34
AR,b,2015,44,0.00372,0.00371,0.5,94316,350,94141,3250384,34.46
AR,b,2015,45,0.00386,0.00386,0.5,93966,362,93784,3156244,33.59
AR,b,2015,46,0.00439,0.00438,0.5,93603,410,93398,3062459,32.72
AR,b,2015,47,0.00424,0.00423,0.5,93193,394,92996,2969061,31.86
AR,b,2015,48,0.00491,0.00490,0.5,92799,455,92571,2876065,30.99
AR,b,2015,49,0.00581,0.00579,0.5,92344,535,92077,2783494,30.14
AR,b,2015,50,0.00566,0.00564,0.5,91809,518,91550,2691417,29.32
AR,b,2015,51,0.00623,0.00621,0.5,91291,567,91008,2599867,28.48
AR,b,2015,52,0.00732,0.00729,0.5,90725,661,90394,2508858,27.65
AR,b,2015,53,0.00785,0.00782,0.5,90064,704,89711,2418464,26.85
AR,b,2015,54,0.00786,0.00783,0.5,89359,700,89009,2328753,26.06
AR,b,2015,55,0.00900,0.00896,0.5,88659,795,88262,2239743,25.26
AR,b,2015,56,0.01044,0.01039,0.5,87865,913,87408,2151481,24.49
AR,b,2015,57,0.01103,0.01097,0.5,86952,954,86475,2064073,23.74
AR,b,2015,58,0.01083,0.01077,0.5,85998,926,85535,1977597,23.00
AR,b,2015,59,0.01201,0.01194,0.5,85072,1016,84564,1892062,22.24
AR,b,2015,60,0.01281,0.01273,0.5,84056,1070,83521,1807498,21.50
AR,b,2015,61,0.01299,0.01290,0.5,82986,1071,82451,1723977,20.77
AR,b,2015,62,0.01356,0.01347,0.5,81916,1103,81364,1641526,20.04
AR,b,2015,63,0.01330,0.01321,0.5,80813,1068,80279,1560161,19.31
AR,b,2015,64,0.01647,0.01633,0.5,79745,1302,79094,1479882,18.56
AR,b,2015,65,0.01633,0.01619,0.5,78443,1270,77808,1400789,17.86
AR,b,2015,66,0.01945,0.01926,0.5,77172,1487,76429,1322981,17.14
AR,b,2015,67,0.01886,0.01869,0.5,75686,1414,74979,1246552,16.47
AR,b,2015,68,0.02120,0.02097,0.5,74272,1558,73493,1171573,15.77
AR,b,2015,69,0.02201,0.02177,0.5,72714,1583,71922,1098081,15.10
AR,b,2015,70,0.02484,0.02454,0.5,71131,1745,70258,1026158,14.43
AR,b,2015,71,0.02733,0.02697,0.5,69386,1871,68450,955900,13.78
AR,b,2015,72,0.02921,0.02879,0.5,67515,1943,66543,887450,13.14
AR,b,2015,73,0.03072,0.03026,0.5,65571,1984,64579,820907,12.52
AR,b,2015,74,0.03578,0.03515,0.5,63587,2235,62469,756328,11.89
AR,b,2015,75,0.03756,0.03687,0.5,61352,2262,60221,693859,11.31
AR,b,2015,76,0.03772,0.03702,0.5,59090,2187,57996,633638,10.72
AR,b,2015,77,0.04570,0.04468,0.5,56903,2542,55631,575642,10.12
AR,b,2015,78,0.04747,0.04637,0.5,54360,2521,53100,520011,9.57
AR,b,2015,79,0.05184,0.05053,0.5,51839,2619,50530,466911,9.01
AR,b,2015,80,0.06449,0.06247,0.5,49220,3075,47682,416381,8.46
AR,b,2015,81,0.07020,0.06782,0.5,46145,3130,44580,368699,7.99
AR,b,2015,82,0.07499,0.07228,0.5,43015,3109,41461,324119,7.53
AR,b,2015,83,0.08435,0.08093,0.5,39906,3230,38291,282658,7.08
AR,b,2015,84,0.09014,0.08625,0.5,36676,3163,35095,244367,6.66
AR,b,2015,85,0.09663,0.09217,0.5,33513,3089,31969,209272,6.24
AR,b,2015,86,0.10639,0.10102,0.5,30424,3073,28887,177303,5.83
AR,b,2015,87,0.12755,0.11990,0.5,27351,3279,25711,148416,5.43
AR,b,2015,88,0.13149,0.12338,0.5,24071,2970,22586,122705,5.10
AR,b,2015,89,0.14881,0.13850,0.5,21101,2923,19640,100119,4.74
AR,b,2015,90,0.16643,0.15364,0.5,18179,2793,16782,80478,4.43
AR,b,2015,91,0.18558,0.16982,0.5,15386,2613,14079,63696,4.14
AR,b,2015,92,0.18817,0.17199,0.5,12773,2197,11675,49617,3.88
AR,b,2015,93,0.22620,0.20321,0.5,10576,2149,9502,37942,3.59
AR,b,2015,94,0.25069,0.22277,0.5,8427,1877,7488,28440,3.37
AR,b,2015,95,0.25867,0.22904,0.5,6550,1500,5800,20952,3.20
AR,b,2015,96,0.28092,0.24632,0.5,5050,1244,4428,15153,3.00
AR,b,2015,97,0.30429,0.26411,0.5,3806,1005,3303,10725,2.82
AR,b,2015,98,0.32871,0.28231,0.5,2801,791,2405,7422,2.65
AR,b,2015,99,0.35407,0.30082,0.5,2010,605,1708,5017,2.50
AR,b,2015,100,0.38027,0.31952,0.5,1405,449,1181,3309,2.35
AR,b,2015,101,0.40719,0.33831,0.5,956,324,795,2128,2.23
AR,b,2015,102,0.43466,0.35706,0.5,633,226,520,1334,2.11
AR,b,2015,103,0.46254,0.37566,0.5,407,153,330,814,2.00
AR,b,2015,104,0.49065,0.39400,0.5,254,100,204,483,1.90
AR,b,2015,105,0.51883,0.41196,0.5,154,63,122,279,1.81
AR,b,2015,106,0.54688,0.42945,0.5,91,39,71,157,1.74
AR,b,2015,107,0.57465,0.44639,0.5,52,23,40,86,1.67
AR,b,2015,108,0.60195,0.46269,0.5,29,13,22,46,1.61
AR,b,2015,109,0.62865,0.47831,0.5,15,7,12,24,1.56
AR,b,2015,110+,0.65459,1.00000,1.53,8,8,12,12,1.53
AR,b,2016,0,0.00810,0.00804,0.07,100000,804,99253,7560508,75.61
AR,b,2016,1,0.00062,0.00062,0.5,99196,62,99165,7461255,75.22
AR,b,2016,2,0.00052,0.00052,0.5,99134,52,99108,7362090,74.26
AR,b,2016,3,0.00018,0.00018,0.5,99082,18,99073,7262982,73.30
AR,b,2016,4,0.00013,0.00013,0.5,99064,13,99057,7163909,72.32
AR,b,2016,5,0.00010,0.00010,0.5,99051,10,99046,7064852,71.33
AR,b,2016,6,0.00010,0.00010,0.5,99041,10,99036,6965806,70.33
AR,b,2016,7,0.00010,0.00010,0.5,99030,10,99025,6866771,69.34
AR,b,2016,8,0.00010,0.00010,0.5,99020,10,99015,6767745,68.35
AR,b,2016,9,0.00020,0.00020,0.5,99010,20,99001,6668730,67.35
AR,b,2016,10,0.00007,0.00007,0.5,98991,7,98987,6569729,66.37
AR,b,2016,11,0.00025,0.00025,0.5,98983,25,98971,6470742,65.37
AR,b,2016,12,0.00015,0.00015,0.5,98958,15,98951,6371771,64.39
AR,b,2016,13,0.00028,0.00028,0.5,98943,28,98930,6272820,63.40
AR,b,2016,14,0.00038,0.00038,0.5,98916,38,98897,6173890,62.42
AR,b,2016,15,0.00038,0.00038,0.5,98878,37,98859,6074994,61.44
AR,b,2016,16,0.00035,0.00035,0.5,98841,34,98823,5976134,60.46
AR,b,2016,17,0.00052,0.00052,0.5,98806,52,98780,5877311,59.48
AR,b,2016,18,0.00103,0.00103,0.5,98755,101,98704,5778530,58.51
AR,b,2016,19,0.00107,0.00107,0.5,98653,105,98600,5679826,57.57
AR,b,2016,20,0.00114,0.00114,0.5,98548,113,98491,5581226,56.63
AR,b,2016,21,0.00089,0.00089,0.5,98435,88,98391,5482734,55.70
AR,b,2016,22,0.00111,0.00111,0.5,98347,110,98293,5384343,54.75
AR,b,2016,23,0.00123,0.00123,0.5,98238,121,98177,5286051,53.81
AR,b,2016,24,0.00095,0.00095,0.5,98117,93,98070,5187873,52.87
AR,b,2016,25,0.00175,0.00175,0.5,98024,172,97938,5089803,51.92
AR,b,2016,26,0.00126,0.00126,0.5,97852,123,97790,4991865,51.01
AR,b,2016,27,0.00147,0.00146,0.5,97729,143,97657,4894075,50.08
AR,b,2016,28,0.00137,0.00137,0.5,97586,133,97519,4796418,49.15
AR,b,2016,29,0.00174,0.00174,0.5,97452,169,97367,4698899,48.22
AR,b,2016,30,0.00156,0.00156,0.5,97283,152,97207,4601531,47.30
AR,b,2016,31,0.00150,0.00150,0.5,97131,146,97058,4504324,46.37
AR,b,2016,32,0.00174,0.00173,0.5,96985,168,96901,4407266,45.44
AR,b,2016,33,0.00188,0.00188,0.5,96817,182,96726,4310365,44.52
AR,b,2016,34,0.00184,0.00184,0.5,96635,178,96546,4213639,43.60
AR,b,2016,35,0.00227,0.00226,0.5,96458,218,96348,4117093,42.68
AR,b,2016,36,0.00253,0.00253,0.5,96239,244,96117,4020745,41.78
AR,b,2016,37,0.00206,0.00205,0.5,95996,197,95897,3924627,40.88
AR,b,2016,38,0.00234,0.00234,0.5,95799,224,95687,3828730,39.97
AR,b,2016,39,0.00258,0.00258,0.5,95575,247,95451,3733043,39.06
AR,b,2016,40,0.00341,0.00340,0.5,95328,324,95166,3637592,38.16
AR,b,2016,41,0.00328,0.00328,0.5,95004,311,94848,3542426,37.29
AR,b,2016,42,0.00259,0.00258,0.5,94693,245,94570,3447578,36.41
AR,b,2016,43,0.00332,0.00331,0.5,94448,313,94291,3353008,35.50
AR,b,2016,44,0.00384,0.00384,0.5,94135,361,93955,3258716,34.62
AR,b,2016,45,0.00451,0.00450,0.5,93774,422,93563,3164761,33.75
AR,b,2016,46,0.00368,0.00367,0.5,93352,343,93180,3071198,32.90
AR,b,2016,47,0.00446,0.00445,0.5,93009,414,92802,2978018,32.02
AR,b,2016,48,0.00414,0.00413,0.5,92595,382,92404,2885216,31.16
AR,b,2016,49,0.00524,0.00523,0.5,92213,482,91972,2792812,30.29
AR,b,2016,50,0.00573,0.00571,0.5,91731,524,91469,2700840,29.44
AR,b,2016,51,0.00634,0.00632,0.5,91207,577,90918,2609371,28.61
AR,b,2016,52,0.00690,0.00687,0.5,90630,623,90318,2518453,27.79
AR,b,2016,53,0.00724,0.00722,0.5,90007,649,89682,2428135,26.98
AR,b,2016,54,0.00818,0.00815,0.5,89357,728,88993,2338453,26.17
AR,b,2016,55,0.00918,0.00914,0.5,88629,810,88224,2249459,25.38
AR,b,2016,56,0.01045,0.01040,0.5,87819,913,87362,2161235,24.61
AR,b,2016,57,0.01131,0.01125,0.5,86906,978,86417,2073872,23.86
AR,b,2016,58,0.01062,0.01056,0.5,85928,908,85474,1987455,23.13
AR,b,2016,59,0.01233,0.01226,0.5,85020,1042,84499,1901981,22.37
AR,b,2016,60,0.01297,0.01289,0.5,83978,1082,83437,1817482,21.64
AR,b,2016,61,0.01375,0.01365,0.5,82896,1132,82330,1734045,20.92
AR,b,2016,62,0.01426,0.01415,0.5,81764,1157,81186,1651714,20.20
AR,b,2016,63,0.01422,0.01412,0.5,80607,1138,80038,1570529,19.48
AR,b,2016,64,0.01627,0.01614,0.5,79469,1282,78828,1490490,18.76
AR,b,2016,65,0.01549,0.01537,0.5,78187,1202,77586,1411663,18.06
AR,b,2016,66,0.01750,0.01734,0.5,76985,1335,76317,1334077,17.33
AR,b,2016,67,0.01851,0.01834,0.5,75649,1387,74956,1257760,16.63
AR,b,2016,68,0.02058,0.02037,0.5,74262,1513,73506,1182804,15.93
AR,b,2016,69,0.02435,0.02406,0.5,72750,1750,71874,1109298,15.25
AR,b,2016,70,0.02371,0.02343,0.5,70999,1663,70167,1037424,14.61
AR,b,2016,71,0.02550,0.02517,0.5,69336,1745,68463,967256,13.95
AR,b,2016,72,0.02712,0.02676,0.5,67590,1809,66686,898793,13.30
AR,b,2016,73,0.03360,0.03305,0.5,65782,2174,64695,832107,12.65
AR,b,2016,74,0.03482,0.03423,0.5,63608,2177,62519,767413,12.06
AR,b,2016,75,0.03746,0.03677,0.5,61430,2259,60301,704894,11.47
AR,b,2016,76,0.03670,0.03604,0.5,59172,2133,58105,644593,10.89
AR,b,2016,77,0.04229,0.04141,0.5,57039,2362,55858,586487,10.28
AR,b,2016,78,0.05058,0.04934,0.5,54677,2698,53328,530629,9.70
AR,b,2016,79,0.04733,0.04624,0.5,51979,2404,50778,477301,9.18
AR,b,2016,80,0.05727,0.05568,0.5,49576,2760,48196,426523,8.60
AR,b,2016,81,0.06822,0.06597,0.5,46816,3088,45272,378328,8.08
AR,b,2016,82,0.07096,0.06853,0.5,43727,2997,42229,333056,7.62
AR,b,2016,83,0.08367,0.08031,0.5,40731,3271,39095,290827,7.14
AR,b,2016,84,0.08339,0.08006,0.5,37460,2999,35960,251732,6.72
AR,b,2016,85,0.10150,0.09660,0.5,34461,3329,32796,215772,6.26
AR,b,2016,86,0.11138,0.10550,0.5,31132,3284,29490,182976,5.88
AR,b,2016,87,0.12293,0.11581,0.5,27847,3225,26235,153486,5.51
AR,b,2016,88,0.12288,0.11577,0.5,24622,2850,23197,127251,5.17
AR,b,2016,89,0.14702,0.13695,0.5,21772,2982,20281,104054,4.78
AR,b,2016,90,0.15998,0.14813,0.5,18790,2783,17399,83773,4.46
AR,b,2016,91,0.18507,0.16939,0.5,16007,2711,14651,66374,4.15
AR,b,2016,92,0.19349,0.17642,0.5,13295,2346,12123,51723,3.89
AR,b,2016,93,0.21350,0.19291,0.5,10950,2112,9894,39600,3.62
AR,b,2016,94,0.24570,0.21882,0.5,8838,1934,7871,29706,3.36
AR,b,2016,95,0.25965,0.22981,0.5,6904,1587,6110,21836,3.16
AR,b,2016,96,0.28331,0.24816,0.5,5317,1320,4657,15725,2.96
AR,b,2016,97,0.30828,0.26711,0.5,3998,1068,3464,11068,2.77
AR,b,2016,98,0.33447,0.28655,0.5,2930,840,2510,7604,2.60
AR,b,2016,99,0.36176,0.30635,0.5,2090,640,1770,5094,2.44
AR,b,2016,100,0.39002,0.32638,0.5,1450,473,1213,3324,2.29
AR,b,2016,101,0.41909,0.34649,0.5,977,338,808,2110,2.16
AR,b,2016,102,0.44878,0.36653,0.5,638,234,521,1303,2.04
AR,b,2016,103,0.47888,0.38637,0.5,404,156,326,782,1.93
AR,b,2016,104,0.50918,0.40585,0.5,248,101,198,455,1.84
AR,b,2016,105,0.53945,0.42486,0.5,147,63,116,258,1.75
AR,b,2016,106,0.56948,0.44326,0.5,85,38,66,142,1.67
AR,b,2016,107,0.59904,0.46097,0.5,47,22,36,76,1.60
AR,b,2016,108,0.62793,0.47789,0.5,25,12,19,39,1.54
AR,b,2016,109,0.65597,0.49396,0.5,13,7,10,20,1.49
AR,b,2016,110+,0.68299,1.00000,1.46,7,7,10,10,1.46
AR,b,2017,0,0.00818,0.00812,0.07,100000,812,99246,7545385,75.45
AR,b,2017,1,0.00057,0.00057,0.5,99188,57,99160,7446139,75.07
AR,b,2017,2,0.00034,0.00034,0.5,99131,33,99115,7346979,74.11
AR,b,2017,3,0.00018,0.00018,0.5,99098,18,99089,7247865,73.14
AR,b,2017,4,0.00026,0.00026,0.5,99080,26,99067,7148776,72.15
AR,b,2017,5,0.00016,0.00016,0.5,99054,15,99046,7049709,71.17
AR,b,2017,6,0.00013,0.00013,0.5,99038,13,99032,6950663,70.18
AR,b,2017,7,0.00013,0.00013,0.5,99026,13,99019,6851631,69.19
AR,b,2017,8,0.00010,0.00010,0.5,99013,10,99008,6752612,68.20
AR,b,2017,9,0.00027,0.00027,0.5,99003,27,98989,6653604,67.21
AR,b,2017,10,0.00017,0.00017,0.5,98976,17,98967,6554615,66.22
AR,b,2017,11,0.00005,0.00005,0.5,98958,5,98956,6455648,65.24
AR,b,2017,12,0.00023,0.00023,0.5,98953,22,98942,6356692,64.24
AR,b,2017,13,0.00018,0.00018,0.5,98931,18,98922,6257749,63.25
AR,b,2017,14,0.00041,0.00041,0.5,98914,40,98893,6158827,62.26
AR,b,2017,15,0.00033,0.00033,0.5,98873,33,98857,6059934,61.29
AR,b,2017,16,0.00070,0.00070,0.5,98841,69,98806,5961077,60.31
AR,b,2017,17,0.00062,0.00062,0.5,98771,61,98741,5862271,59.35
AR,b,2017,18,0.00105,0.00105,0.5,98710,103,98658,5763530,58.39
AR,b,2017,19,0.00120,0.00120,0.5,98607,118,98548,5664871,57.45
AR,b,2017,20,0.00104,0.00104,0.5,98489,103,98438,5566323,56.52
AR,b,2017,21,0.00127,0.00127,0.5,98386,125,98324,5467886,55.58
AR,b,2017,22,0.00093,0.00093,0.5,98261,92,98215,5369562,54.65
AR,b,2017,23,0.00126,0.00126,0.5,98170,123,98108,5271347,53.70
AR,b,2017,24,0.00141,0.00141,0.5,98046,138,97977,5173239,52.76
AR,b,2017,25,0.00117,0.00117,0.5,97908,115,97851,5075262,51.84
AR,b,2017,26,0.00106,0.00106,0.5,97793,104,97741,4977411,50.90
AR,b,2017,27,0.00174,0.00174,0.5,97689,170,97604,4879670,49.95
AR,b,2017,28,0.00142,0.00142,0.5,97519,138,97450,4782065,49.04
AR,b,2017,29,0.00188,0.00188,0.5,97381,183,97289,4684615,48.11
AR,b,2017,30,0.00163,0.00163,0.5,97198,159,97118,4587326,47.20
AR,b,2017,31,0.00138,0.00137,0.5,97039,133,96972,4490207,46.27
AR,b,2017,32,0.00164,0.00163,0.5,96906,158,96827,4393235,45.34
AR,b,2017,33,0.00192,0.00192,0.5,96747,185,96655,4296408,44.41
AR,b,2017,34,0.00177,0.00177,0.5,96562,171,96476,4199754,43.49
AR,b,2017,35,0.00221,0.00221,0.5,96391,213,96284,4103278,42.57
AR,b,2017,36,0.00237,0.00237,0.5,96178,228,96064,4006993,41.66
AR,b,2017,37,0.00263,0.00263,0.5,95950,252,95824,3910929,40.76
AR,b,2017,38,0.00225,0.00224,0.5,95698,215,95590,3815105,39.87
AR,b,2017,39,0.00218,0.00218,0.5,95483,208,95379,3719514,38.95
AR,b,2017,40,0.00279,0.00278,0.5,95275,265,95143,3624135,38.04
AR,b,2017,41,0.00282,0.00281,0.5,95010,267,94876,3528993,37.14
AR,b,2017,42,0.00298,0.00298,0.5,94743,282,94602,3434116,36.25
AR,b,2017,43,0.00361,0.00360,0.5,94461,340,94291,3339514,35.35
AR,b,2017,44,0.00396,0.00395,0.5,94121,372,93935,3245223,34.48
AR,b,2017,45,0.00420,0.00419,0.5,93749,393,93552,3151288,33.61
AR,b,2017,46,0.00467,0.00466,0.5,93356,435,93138,3057736,32.75
AR,b,2017,47,0.00454,0.00453,0.5,92920,421,92710,2964598,31.90
AR,b,2017,48,0.00444,0.00443,0.5,92500,410,92295,2871888,31.05
AR,b,2017,49,0.00538,0.00536,0.5,92090,494,91843,2779593,30.18
AR,b,2017,50,0.00526,0.00525,0.5,91596,481,91356,2687750,29.34
AR,b,2017,51,0.00662,0.00660,0.5,91115,602,90815,2596394,28.50
AR,b,2017,52,0.00663,0.00661,0.5,90514,598,90215,2505580,27.68
AR,b,2017,53,0.00772,0.00770,0.5,89916,692,89570,2415365,26.86
AR,b,2017,54,0.00888,0.00884,0.5,89224,788,88830,2325795,26.07
AR,b,2017,55,0.00873,0.00870,0.5,88435,769,88051,2236965,25.29
AR,b,2017,56,0.00964,0.00959,0.5,87666,841,87246,2148915,24.51
AR,b,2017,57,0.01079,0.01074,0.5,86825,932,86359,2061669,23.74
AR,b,2017,58,0.01172,0.01166,0.5,85893,1001,85393,1975309,23.00
AR,b,2017,59,0.01123,0.01117,0.5,84892,948,84418,1889917,22.26
AR,b,2017,60,0.01280,0.01272,0.5,83944,1067,83410,1805499,21.51
AR,b,2017,61,0.01369,0.01359,0.5,82877,1127,82313,1722088,20.78
AR,b,2017,62,0.01437,0.01427,0.5,81750,1166,81167,1639775,20.06
AR,b,2017,63,0.01664,0.01650,0.5,80583,1330,79919,1558609,19.34
AR,b,2017,64,0.01567,0.01555,0.5,79254,1232,78638,1478690,18.66
AR,b,2017,65,0.01655,0.01642,0.5,78022,1281,77381,1400052,17.94
AR,b,2017,66,0.01817,0.01800,0.5,76741,1382,76050,1322671,17.24
AR,b,2017,67,0.02022,0.02002,0.5,75359,1508,74605,1246621,16.54
AR,b,2017,68,0.02182,0.02158,0.5,73851,1594,73054,1172016,15.87
AR,b,2017,69,0.02165,0.02142,0.5,72257,1548,71483,1098962,15.21
AR,b,2017,70,0.02515,0.02484,0.5,70709,1756,69831,1027479,14.53
AR,b,2017,71,0.02491,0.02461,0.5,68953,1697,68104,957648,13.89
AR,b,2017,72,0.02779,0.02741,0.5,67256,1844,66334,889544,13.23
AR,b,2017,73,0.03199,0.03149,0.5,65412,2060,64383,823210,12.58
AR,b,2017,74,0.03716,0.03648,0.5,63353,2311,62197,758827,11.98
AR,b,2017,75,0.03731,0.03663,0.5,61041,2236,59924,696630,11.41
AR,b,2017,76,0.04074,0.03992,0.5,58806,2348,57632,636706,10.83
AR,b,2017,77,0.04208,0.04122,0.5,56458,2327,55294,579074,10.26
AR,b,2017,78,0.04808,0.04695,0.5,54131,2542,52860,523780,9.68
AR,b,2017,79,0.05293,0.05157,0.5,51589,2660,50259,470920,9.13
AR,b,2017,80,0.05639,0.05485,0.5,48929,2684,47587,420661,8.60
AR,b,2017,81,0.06377,0.06180,0.5,46245,2858,44816,373073,8.07
AR,b,2017,82,0.07387,0.07124,0.5,43387,3091,41842,328257,7.57
AR,b,2017,83,0.07621,0.07341,0.5,40297,2958,38818,286415,7.11
AR,b,2017,84,0.09622,0.09181,0.5,37338,3428,35624,247597,6.63
AR,b,2017,85,0.09855,0.09392,0.5,33910,3185,32318,211973,6.25
AR,b,2017,86,0.10736,0.10189,0.5,30726,3131,29160,179655,5.85
AR,b,2017,87,0.12372,0.11651,0.5,27595,3215,25987,150495,5.45
AR,b,2017,88,0.13579,0.12716,0.5,24380,3100,22830,124507,5.11
AR,b,2017,89,0.14441,0.13468,0.5,21280,2866,19847,101678,4.78
AR,b,2017,90,0.16215,0.14999,0.5,18414,2762,17033,81831,4.44
AR,b,2017,91,0.17684,0.16247,0.5,15652,2543,14380,64799,4.14
AR,b,2017,92,0.19619,0.17867,0.5,13109,2342,11938,50418,3.85
AR,b,2017,93,0.22767,0.20440,0.5,10767,2201,9666,38481,3.57
AR,b,2017,94,0.24426,0.21767,0.5,8566,1865,7634,28814,3.36
AR,b,2017,95,0.26018,0.23023,0.5,6701,1543,5930,21181,3.16
AR,b,2017,96,0.28375,0.24849,0.5,5158,1282,4518,15251,2.96
AR,b,2017,97,0.30859,0.26734,0.5,3877,1036,3358,10733,2.77
AR,b,2017,98,0.33461,0.28666,0.5,2840,814,2433,7375,2.60
AR,b,2017,99,0.36172,0.30632,0.5,2026,621,1716,4942,2.44
AR,b,2017,100,0.38977,0.32620,0.5,1405,458,1176,3226,2.30
AR,b,2017,101,0.41861,0.34616,0.5,947,328,783,2050,2.16
AR,b,2017,102,0.44804,0.36604,0.5,619,227,506,1266,2.05
AR,b,2017,103,0.47788,0.38572,0.5,393,151,317,761,1.94
AR,b,2017,104,0.50791,0.40505,0.5,241,98,192,444,1.84
AR,b,2017,105,0.53792,0.42391,0.5,143,61,113,251,1.75
AR,b,2017,106,0.56768,0.44218,0.5,83,37,64,138,1.67
AR,b,2017,107,0.59700,0.45976,0.5,46,21,36,74,1.61
AR,b,2017,108,0.62566,0.47658,0.5,25,12,19,39,1.55
AR,b,2017,109,0.65350,0.49256,0.5,13,6,10,20,1.50
AR,b,2017,110+,0.68035,1.00000,1.47,7,7,10,10,1.47
AR,b,2018,0,0.00755,0.00750,0.07,100000,750,99302,7582159,75.82
AR,b,2018,1,0.00064,0.00064,0.5,99250,63,99218,7482857,75.39
AR,b,2018,2,0.00050,0.00050,0.5,99187,49,99162,7383639,74.44
AR,b,2018,3,0.00036,0.00036,0.5,99137,36,99119,7284477,73.48
AR,b,2018,4,0.00013,0.00013,0.5,99102,13,99095,7185358,72.51
AR,b,2018,5,0.00018,0.00018,0.5,99089,18,99080,7086263,71.51
AR,b,2018,6,0.00016,0.00016,0.5,99071,15,99063,6987183,70.53
AR,b,2018,7,0.00015,0.00015,0.5,99055,15,99047,6888120,69.54
AR,b,2018,8,0.00018,0.00018,0.5,99040,18,99031,6789073,68.55
AR,b,2018,9,0.00023,0.00023,0.5,99022,23,99011,6690042,67.56
AR,b,2018,10,0.00017,0.00017,0.5,98999,17,98991,6591032,66.58
AR,b,2018,11,0.00025,0.00025,0.5,98982,24,98970,6492041,65.59
AR,b,2018,12,0.00010,0.00010,0.5,98957,10,98953,6393071,64.60
AR,b,2018,13,0.00025,0.00025,0.5,98948,25,98935,6294119,63.61
AR,b,2018,14,0.00030,0.00030,0.5,98923,30,98908,6195184,62.63
AR,b,2018,15,0.00033,0.00033,0.5,98893,33,98876,6096276,61.65
AR,b,2018,16,0.00048,0.00048,0.5,98860,48,98836,5997399,60.67
AR,b,2018,17,0.00065,0.00065,0.5,98813,64,98781,5898563,59.69
AR,b,2018,18,0.00094,0.00094,0.5,98748,93,98702,5799783,58.73
AR,b,2018,19,0.00107,0.00106,0.5,98655,105,98603,5701081,57.79
AR,b,2018,20,0.00099,0.00099,0.5,98550,98,98502,5602478,56.85
AR,b,2018,21,0.00134,0.00134,0.5,98453,132,98387,5503976,55.90
AR,b,2018,22,0.00109,0.00109,0.5,98321,107,98267,5405589,54.98
AR,b,2018,23,0.00105,0.00105,0.5,98214,103,98162,5307322,54.04
AR,b,2018,24,0.00119,0.00119,0.5,98111,117,98052,5209160,53.09
AR,b,2018,25,0.00133,0.00133,0.5,97994,130,97929,5111107,52.16
AR,b,2018,26,0.00148,0.00148,0.5,97863,144,97791,5013179,51.23
AR,b,2018,27,0.00121,0.00121,0.5,97719,118,97660,4915388,50.30
AR,b,2018,28,0.00122,0.00122,0.5,97601,119,97542,4817728,49.36
AR,b,2018,29,0.00145,0.00145,0.5,97482,141,97412,4720186,48.42
AR,b,2018,30,0.00155,0.00155,0.5,97341,151,97266,4622775,47.49
AR,b,2018,31,0.00166,0.00166,0.5,97190,162,97109,4525509,46.56
AR,b,2018,32,0.00175,0.00174,0.5,97029,169,96944,4428400,45.64
AR,b,2018,33,0.00211,0.00211,0.5,96859,204,96757,4331456,44.72
AR,b,2018,34,0.00200,0.00199,0.5,96655,193,96558,4234699,43.81
AR,b,2018,35,0.00236,0.00235,0.5,96462,227,96349,4138140,42.90
AR,b,2018,36,0.00185,0.00185,0.5,96235,178,96146,4041792,42.00
AR,b,2018,37,0.00211,0.00211,0.5,96057,203,95956,3945646,41.08
AR,b,2018,38,0.00295,0.00295,0.5,95854,283,95713,3849690,40.16
AR,b,2018,39,0.00295,0.00295,0.5,95572,282,95431,3753977,39.28
AR,b,2018,40,0.00263,0.00262,0.5,95290,250,95165,3658546,38.39
AR,b,2018,41,0.00273,0.00273,0.5,95040,260,94910,3563381,37.49
AR,b,2018,42,0.00322,0.00322,0.5,94780,305,94628,3468471,36.59
AR,b,2018,43,0.00258,0.00258,0.5,94475,244,94353,3373844,35.71
AR,b,2018,44,0.00344,0.00343,0.5,94232,323,94070,3279490,34.80
AR,b,2018,45,0.00413,0.00412,0.5,93908,387,93714,3185420,33.92
AR,b,2018,46,0.00407,0.00406,0.5,93521,380,93331,3091706,33.06
AR,b,2018,47,0.00461,0.00460,0.5,93141,428,92927,2998375,32.19
AR,b,2018,48,0.00436,0.00435,0.5,92713,403,92511,2905448,31.34
AR,b,2018,49,0.00493,0.00491,0.5,92310,454,92083,2812937,30.47
AR,b,2018,50,0.00534,0.00533,0.5,91856,489,91611,2720854,29.62
AR,b,2018,51,0.00590,0.00588,0.5,91367,538,91098,2629242,28.78
AR,b,2018,52,0.00619,0.00617,0.5,90829,560,90549,2538144,27.94
AR,b,2018,53,0.00810,0.00807,0.5,90269,729,89905,2447595,27.11
AR,b,2018,54,0.00799,0.00796,0.5,89541,713,89184,2357690,26.33
AR,b,2018,55,0.00787,0.00784,0.5,88828,696,88479,2268506,25.54
AR,b,2018,56,0.00939,0.00935,0.5,88131,824,87720,2180027,24.74
AR,b,2018,57,0.01052,0.01046,0.5,87308,913,86851,2092307,23.96
AR,b,2018,58,0.00999,0.00994,0.5,86394,858,85965,2005456,23.21
AR,b,2018,59,0.01165,0.01158,0.5,85536,991,85040,1919491,22.44
AR,b,2018,60,0.01249,0.01241,0.5,84545,1049,84021,1834451,21.70
AR,b,2018,61,0.01320,0.01311,0.5,83496,1095,82949,1750430,20.96
AR,b,2018,62,0.01484,0.01473,0.5,82401,1214,81794,1667481,20.24
AR,b,2018,63,0.01572,0.01559,0.5,81187,1266,80554,1585687,19.53
AR,b,2018,64,0.01660,0.01646,0.5,79921,1316,79263,1505133,18.83
AR,b,2018,65,0.01745,0.01730,0.5,78605,1360,77925,1425870,18.14
AR,b,2018,66,0.01773,0.01757,0.5,77245,1357,76567,1347945,17.45
AR,b,2018,67,0.01751,0.01736,0.5,75888,1317,75230,1271378,16.75
AR,b,2018,68,0.02008,0.01988,0.5,74571,1483,73830,1196148,16.04
AR,b,2018,69,0.02319,0.02292,0.5,73088,1675,72251,1122318,15.36
AR,b,2018,70,0.02331,0.02304,0.5,71413,1645,70590,1050068,14.70
AR,b,2018,71,0.02740,0.02703,0.5,69768,1886,68825,979477,14.04
AR,b,2018,72,0.02606,0.02572,0.5,67882,1746,67009,910652,13.42
AR,b,2018,73,0.02971,0.02927,0.5,66136,1936,65168,843643,12.76
AR,b,2018,74,0.03249,0.03197,0.5,64200,2052,63174,778474,12.13
AR,b,2018,75,0.03985,0.03907,0.5,62148,2428,60934,715300,11.51
AR,b,2018,76,0.03879,0.03805,0.5,59720,2272,58584,654366,10.96
AR,b,2018,77,0.04396,0.04301,0.5,57448,2471,56212,595782,10.37
AR,b,2018,78,0.04604,0.04500,0.5,54977,2474,53740,539570,9.81
AR,b,2018,79,0.04710,0.04602,0.5,52503,2416,51295,485830,9.25
AR,b,2018,80,0.05704,0.05545,0.5,50087,2778,48698,434535,8.68
AR,b,2018,81,0.06325,0.06131,0.5,47310,2900,45859,385836,8.16
AR,b,2018,82,0.07134,0.06888,0.5,44409,3059,42880,339977,7.66
AR,b,2018,83,0.08575,0.08222,0.5,41350,3400,39650,297098,7.18
AR,b,2018,84,0.08472,0.08128,0.5,37950,3084,36408,257447,6.78
AR,b,2018,85,0.10050,0.09569,0.5,34866,3336,33198,221040,6.34
AR,b,2018,86,0.09887,0.09422,0.5,31529,2971,30044,187842,5.96
AR,b,2018,87,0.11379,0.10766,0.5,28559,3075,27021,157798,5.53
AR,b,2018,88,0.13243,0.12421,0.5,25484,3165,23901,130776,5.13
AR,b,2018,89,0.14470,0.13493,0.5,22319,3012,20813,106875,4.79
AR,b,2018,90,0.15663,0.14526,0.5,19307,2804,17905,86062,4.46
AR,b,2018,91,0.18405,0.16854,0.5,16503,2781,15112,68157,4.13
AR,b,2018,92,0.20129,0.18288,0.5,13721,2509,12467,53045,3.87
AR,b,2018,93,0.21058,0.19052,0.5,11212,2136,10144,40578,3.62
AR,b,2018,94,0.26290,0.23235,0.5,9076,2109,8021,30434,3.35
AR,b,2018,95,0.25515,0.22628,0.5,6967,1577,6179,22413,3.22
AR,b,2018,96,0.27802,0.24409,0.5,5391,1316,4733,16234,3.01
AR,b,2018,97,0.30211,0.26247,0.5,4075,1069,3540,11501,2.82
AR,b,2018,98,0.32733,0.28129,0.5,3005,845,2583,7961,2.65
AR,b,2018,99,0.35358,0.30046,0.5,2160,649,1835,5378,2.49
AR,b,2018,100,0.38073,0.31985,0.5,1511,483,1269,3543,2.34
AR,b,2018,101,0.40865,0.33932,0.5,1028,349,853,2274,2.21
AR,b,2018,102,0.43717,0.35875,0.5,679,244,557,1420,2.09
AR,b,2018,103,0.46611,0.37801,0.5,435,165,353,863,1.98
AR,b,2018,104,0.49529,0.39698,0.5,271,108,217,510,1.88
AR,b,2018,105,0.52450,0.41553,0.5,163,68,129,293,1.79
AR,b,2018,106,0.55356,0.43356,0.5,95,41,75,164,1.71
AR,b,2018,107,0.58226,0.45097,0.5,54,24,42,89,1.64
AR,b,2018,108,0.61042,0.46768,0.5,30,14,23,47,1.58
AR,b,2018,109,0.63789,0.48363,0.5,16,8,12,24,1.54
AR,b,2018,110+,0.66449,1.00000,1.5,8,8,12,12,1.50
AR,b,2019,0,0.00692,0.00688,0.07,100000,688,99359,7589483,75.89
AR,b,2019,1,0.00068,0.00068,0.5,99312,67,99279,7490125,75.42
AR,b,2019,2,0.00035,0.00035,0.5,99245,34,99228,7390846,74.47
AR,b,2019,3,0.00023,0.00023,0.5,99211,23,99199,7291618,73.50
AR,b,2019,4,0.00018,0.00018,0.5,99187,18,99178,7192419,72.51
AR,b,2019,5,0.00018,0.00018,0.5,99169,18,99160,7093241,71.53
AR,b,2019,6,0.00016,0.00016,0.5,99151,16,99144,6994081,70.54
AR,b,2019,7,0.00016,0.00016,0.5,99136,15,99128,6894937,69.55
AR,b,2019,8,0.00016,0.00016,0.5,99120,15,99113,6795809,68.56
AR,b,2019,9,0.00008,0.00008,0.5,99105,8,99101,6696696,67.57
AR,b,2019,10,0.00018,0.00018,0.5,99097,18,99089,6597595,66.58
AR,b,2019,11,0.00015,0.00015,0.5,99080,15,99072,6498507,65.59
AR,b,2019,12,0.00022,0.00022,0.5,99065,22,99054,6399434,64.60
AR,b,2019,13,0.00020,0.00020,0.5,99043,19,99034,6300380,63.61
AR,b,2019,14,0.00030,0.00030,0.5,99024,30,99009,6201346,62.62
AR,b,2019,15,0.00055,0.00055,0.5,98994,55,98967,6102337,61.64
AR,b,2019,16,0.00045,0.00045,0.5,98940,45,98917,6003370,60.68
AR,b,2019,17,0.00060,0.00060,0.5,98895,60,98865,5904453,59.70
AR,b,2019,18,0.00082,0.00082,0.5,98835,81,98795,5805588,58.74
AR,b,2019,19,0.00099,0.00099,0.5,98754,97,98706,5706793,57.79
AR,b,2019,20,0.00126,0.00126,0.5,98657,125,98595,5608087,56.84
AR,b,2019,21,0.00112,0.00112,0.5,98533,110,98478,5509492,55.92
AR,b,2019,22,0.00134,0.00134,0.5,98422,132,98357,5411015,54.98
AR,b,2019,23,0.00126,0.00126,0.5,98291,124,98229,5312658,54.05
AR,b,2019,24,0.00137,0.00137,0.5,98167,135,98099,5214429,53.12
AR,b,2019,25,0.00119,0.00119,0.5,98032,116,97974,5116330,52.19
AR,b,2019,26,0.00083,0.00083,0.5,97916,81,97875,5018356,51.25
AR,b,2019,27,0.00120,0.00119,0.5,97835,117,97776,4920481,50.29
AR,b,2019,28,0.00131,0.00131,0.5,97718,128,97654,4822705,49.35
AR,b,2019,29,0.00126,0.00126,0.5,97589,123,97528,4725052,48.42
AR,b,2019,30,0.00161,0.00161,0.5,97467,157,97388,4627524,47.48
AR,b,2019,31,0.00148,0.00148,0.5,97310,144,97238,4530136,46.55
AR,b,2019,32,0.00153,0.00153,0.5,97166,149,97091,4432898,45.62
AR,b,2019,33,0.00186,0.00185,0.5,97017,180,96927,4335807,44.69
AR,b,2019,34,0.00227,0.00226,0.5,96837,219,96727,4238880,43.77
AR,b,2019,35,0.00185,0.00184,0.5,96618,178,96529,4142153,42.87
AR,b,2019,36,0.00181,0.00181,0.5,96439,174,96352,4045624,41.95
AR,b,2019,37,0.00210,0.00210,0.5,96265,202,96164,3949272,41.02
AR,b,2019,38,0.00252,0.00252,0.5,96063,242,95942,3853108,40.11
AR,b,2019,39,0.00301,0.00300,0.5,95821,288,95677,3757166,39.21
AR,b,2019,40,0.00324,0.00324,0.5,95533,309,95379,3661489,38.33
AR,b,2019,41,0.00256,0.00256,0.5,95224,244,95102,3566110,37.45
AR,b,2019,42,0.00381,0.00380,0.5,94980,361,94799,3471008,36.54
AR,b,2019,43,0.00296,0.00295,0.5,94619,279,94479,3376209,35.68
AR,b,2019,44,0.00323,0.00322,0.5,94339,304,94188,3281730,34.79
AR,b,2019,45,0.00344,0.00344,0.5,94036,323,93874,3187542,33.90
AR,b,2019,46,0.00427,0.00426,0.5,93712,399,93513,3093668,33.01
AR,b,2019,47,0.00427,0.00426,0.5,93313,397,93114,3000156,32.15
AR,b,2019,48,0.00405,0.00404,0.5,92916,376,92728,2907041,31.29
AR,b,2019,49,0.00478,0.00477,0.5,92540,441,92320,2814314,30.41
AR,b,2019,50,0.00600,0.00598,0.5,92099,551,91824,2721994,29.56
AR,b,2019,51,0.00565,0.00563,0.5,91548,516,91291,2630170,28.73
AR,b,2019,52,0.00680,0.00678,0.5,91033,617,90724,2538880,27.89
AR,b,2019,53,0.00615,0.00613,0.5,90416,554,90139,2448156,27.08
AR,b,2019,54,0.00827,0.00824,0.5,89861,740,89491,2358017,26.24
AR,b,2019,55,0.00856,0.00852,0.5,89121,760,88741,2268526,25.45
AR,b,2019,56,0.00900,0.00896,0.5,88362,791,87966,2179784,24.67
AR,b,2019,57,0.01019,0.01013,0.5,87570,887,87127,2091818,23.89
AR,b,2019,58,0.01021,0.01016,0.5,86683,881,86242,2004692,23.13
AR,b,2019,59,0.01162,0.01155,0.5,85802,991,85307,1918449,22.36
AR,b,2019,60,0.01291,0.01282,0.5,84811,1087,84267,1833143,21.61
AR,b,2019,61,0.01438,0.01428,0.5,83723,1196,83126,1748876,20.89
AR,b,2019,62,0.01577,0.01565,0.5,82528,1292,81882,1665750,20.18
AR,b,2019,63,0.01529,0.01517,0.5,81236,1233,80620,1583868,19.50
AR,b,2019,64,0.01678,0.01664,0.5,80003,1331,79338,1503248,18.79
AR,b,2019,65,0.01760,0.01745,0.5,78672,1373,77986,1423911,18.10
AR,b,2019,66,0.01793,0.01777,0.5,77299,1373,76612,1345925,17.41
AR,b,2019,67,0.01983,0.01964,0.5,75926,1491,75180,1269312,16.72
AR,b,2019,68,0.02006,0.01986,0.5,74435,1479,73695,1194132,16.04
AR,b,2019,69,0.02192,0.02168,0.5,72956,1582,72165,1120437,15.36
AR,b,2019,70,0.02447,0.02417,0.5,71374,1725,70512,1048271,14.69
AR,b,2019,71,0.02713,0.02677,0.5,69649,1864,68717,977760,14.04
AR,b,2019,72,0.02910,0.02868,0.5,67785,1944,66812,909043,13.41
AR,b,2019,73,0.02873,0.02833,0.5,65840,1865,64908,842231,12.79
AR,b,2019,74,0.03241,0.03190,0.5,63975,2041,62955,777323,12.15
AR,b,2019,75,0.03648,0.03583,0.5,61935,2219,60825,714368,11.53
AR,b,2019,76,0.03877,0.03803,0.5,59716,2271,58580,653543,10.94
AR,b,2019,77,0.04320,0.04229,0.5,57444,2429,56230,594963,10.36
AR,b,2019,78,0.04491,0.04392,0.5,55015,2417,53807,538733,9.79
AR,b,2019,79,0.05184,0.05053,0.5,52599,2658,51270,484926,9.22
AR,b,2019,80,0.05890,0.05721,0.5,49941,2857,48512,433657,8.68
AR,b,2019,81,0.06320,0.06127,0.5,47083,2885,45641,385144,8.18
AR,b,2019,82,0.07268,0.07013,0.5,44199,3100,42649,339503,7.68
AR,b,2019,83,0.07910,0.07609,0.5,41099,3127,39535,296854,7.22
AR,b,2019,84,0.08907,0.08527,0.5,37972,3238,36353,257319,6.78
AR,b,2019,85,0.09468,0.09040,0.5,34734,3140,33164,220966,6.36
AR,b,2019,86,0.10447,0.09929,0.5,31594,3137,30025,187803,5.94
AR,b,2019,87,0.11470,0.10848,0.5,28457,3087,26913,157777,5.54
AR,b,2019,88,0.13217,0.12398,0.5,25370,3145,23797,130864,5.16
AR,b,2019,89,0.14886,0.13854,0.5,22225,3079,20685,107067,4.82
AR,b,2019,90,0.15687,0.14546,0.5,19146,2785,17753,86381,4.51
AR,b,2019,91,0.17722,0.16280,0.5,16361,2663,15029,68628,4.19
AR,b,2019,92,0.19168,0.17492,0.5,13697,2396,12499,53600,3.91
AR,b,2019,93,0.20866,0.18895,0.5,11301,2135,10234,41100,3.64
AR,b,2019,94,0.25937,0.22959,0.5,9166,2104,8114,30867,3.37
AR,b,2019,95,0.25431,0.22562,0.5,7062,1593,6265,22753,3.22
AR,b,2019,96,0.27725,0.24350,0.5,5468,1331,4803,16488,3.02
AR,b,2019,97,0.30144,0.26195,0.5,4137,1084,3595,11686,2.82
AR,b,2019,98,0.32679,0.28089,0.5,3053,858,2624,8091,2.65
AR,b,2019,99,0.35322,0.30020,0.5,2196,659,1866,5466,2.49
AR,b,2019,100,0.38060,0.31975,0.5,1536,491,1291,3600,2.34
AR,b,2019,101,0.40879,0.33941,0.5,1045,355,868,2310,2.21
AR,b,2019,102,0.43760,0.35904,0.5,690,248,566,1442,2.09
AR,b,2019,103,0.46688,0.37852,0.5,443,168,359,875,1.98
AR,b,2019,104,0.49640,0.39769,0.5,275,109,220,517,1.88
AR,b,2019,105,0.52598,0.41645,0.5,166,69,131,296,1.79
AR,b,2019,106,0.55540,0.43469,0.5,97,42,76,165,1.71
AR,b,2019,107,0.58446,0.45229,0.5,55,25,42,89,1.64
AR,b,2019,108,0.61297,0.46918,0.5,30,14,23,47,1.58
AR,b,2019,109,0.64075,0.48528,0.5,16,8,12,24,1.53
AR,b,2019,110+,0.66764,1.00000,1.5,8,8,12,12,1.50
AR,b,2020,0,0.00745,0.00740,0.07,100000,740,99311,7393192,73.93
AR,b,2020,1,0.00042,0.00042,0.5,99260,41,99240,7293881,73.48
AR,b,2020,2,0.00054,0.00054,0.5,99219,54,99192,7194641,72.51
AR,b,2020,3,0.00027,0.00027,0.5,99165,26,99152,7095449,71.55
AR,b,2020,4,0.00021,0.00021,0.5,99139,21,99129,6996297,70.57
AR,b,2020,5,0.00013,0.00013,0.5,99118,13,99112,6897168,69.59
AR,b,2020,6,0.00018,0.00018,0.5,99106,18,99096,6798056,68.59
AR,b,2020,7,0.00010,0.00010,0.5,99087,10,99082,6698960,67.61
AR,b,2020,8,0.00016,0.00016,0.5,99077,15,99069,6599878,66.61
AR,b,2020,9,0.00008,0.00008,0.5,99062,8,99058,6500808,65.62
AR,b,2020,10,0.00028,0.00028,0.5,99054,28,99040,6401750,64.63
AR,b,2020,11,0.00020,0.00020,0.5,99026,20,99016,6302710,63.65
AR,b,2020,12,0.00019,0.00019,0.5,99007,19,98997,6203694,62.66
AR,b,2020,13,0.00021,0.00021,0.5,98988,21,98977,6104697,61.67
AR,b,2020,14,0.00029,0.00029,0.5,98966,29,98952,6005720,60.68
AR,b,2020,15,0.00047,0.00047,0.5,98938,46,98915,5906768,59.70
AR,b,2020,16,0.00064,0.00064,0.5,98892,63,98860,5807853,58.73
AR,b,2020,17,0.00087,0.00087,0.5,98828,86,98785,5708993,57.77
AR,b,2020,18,0.00136,0.00136,0.5,98742,134,98675,5610208,56.82
AR,b,2020,19,0.00104,0.00104,0.5,98608,103,98556,5511533,55.89
AR,b,2020,20,0.00084,0.00084,0.5,98505,83,98464,5412976,54.95
AR,b,2020,21,0.00122,0.00122,0.5,98422,120,98362,5314512,54.00
AR,b,2020,22,0.00142,0.00142,0.5,98302,139,98233,5216150,53.06
AR,b,2020,23,0.00130,0.00130,0.5,98163,127,98099,5117918,52.14
AR,b,2020,24,0.00168,0.00167,0.5,98036,164,97954,5019818,51.20
AR,b,2020,25,0.00119,0.00119,0.5,97871,116,97813,4921865,50.29
AR,b,2020,26,0.00144,0.00144,0.5,97755,141,97685,4824052,49.35
AR,b,2020,27,0.00177,0.00177,0.5,97614,173,97528,4726367,48.42
AR,b,2020,28,0.00180,0.00180,0.5,97441,176,97353,4628839,47.50
AR,b,2020,29,0.00219,0.00218,0.5,97266,212,97159,4531486,46.59
AR,b,2020,30,0.00199,0.00198,0.5,97053,193,96957,4434327,45.69
AR,b,2020,31,0.00167,0.00166,0.5,96861,161,96780,4337370,44.78
AR,b,2020,32,0.00224,0.00223,0.5,96699,216,96591,4240590,43.85
AR,b,2020,33,0.00267,0.00266,0.5,96483,257,96355,4143998,42.95
AR,b,2020,34,0.00296,0.00295,0.5,96227,284,96084,4047643,42.06
AR,b,2020,35,0.00237,0.00237,0.5,95942,228,95829,3951559,41.19
AR,b,2020,36,0.00331,0.00330,0.5,95715,316,95557,3855730,40.28
AR,b,2020,37,0.00309,0.00309,0.5,95399,295,95251,3760174,39.42
AR,b,2020,38,0.00287,0.00286,0.5,95104,272,94968,3664922,38.54
AR,b,2020,39,0.00351,0.00351,0.5,94832,332,94666,3569955,37.65
AR,b,2020,40,0.00309,0.00308,0.5,94499,291,94354,3475289,36.78
AR,b,2020,41,0.00455,0.00454,0.5,94208,428,93994,3380935,35.89
AR,b,2020,42,0.00355,0.00354,0.5,93780,332,93614,3286941,35.05
AR,b,2020,43,0.00386,0.00385,0.5,93448,360,93268,3193327,34.17
AR,b,2020,44,0.00413,0.00412,0.5,93088,384,92896,3100059,33.30
AR,b,2020,45,0.00467,0.00466,0.5,92704,432,92488,3007163,32.44
AR,b,2020,46,0.00538,0.00536,0.5,92273,495,92025,2914674,31.59
AR,b,2020,47,0.00591,0.00589,0.5,91778,541,91508,2822649,30.76
AR,b,2020,48,0.00536,0.00534,0.5,91237,487,90994,2731142,29.93
AR,b,2020,49,0.00555,0.00553,0.5,90750,502,90499,2640148,29.09
AR,b,2020,50,0.00638,0.00636,0.5,90248,574,89961,2549649,28.25
AR,b,2020,51,0.00655,0.00653,0.5,89674,586,89381,2459688,27.43
AR,b,2020,52,0.00718,0.00715,0.5,89088,637,88770,2370307,26.61
AR,b,2020,53,0.00750,0.00747,0.5,88451,661,88121,2281538,25.79
AR,b,2020,54,0.00853,0.00850,0.5,87790,746,87417,2193417,24.98
AR,b,2020,55,0.01064,0.01059,0.5,87044,922,86583,2106000,24.19
AR,b,2020,56,0.01154,0.01148,0.5,86123,988,85628,2019417,23.45
AR,b,2020,57,0.01173,0.01166,0.5,85134,993,84638,1933788,22.71
AR,b,2020,58,0.01271,0.01263,0.5,84141,1063,83610,1849150,21.98
AR,b,2020,59,0.01248,0.01240,0.5,83079,1030,82564,1765540,21.25
AR,b,2020,60,0.01380,0.01370,0.5,82049,1124,81487,1682977,20.51
AR,b,2020,61,0.01460,0.01449,0.5,80924,1173,80338,1601490,19.79
AR,b,2020,62,0.01712,0.01697,0.5,79752,1354,79075,1521152,19.07
AR,b,2020,63,0.01889,0.01871,0.5,78398,1467,77664,1442077,18.39
AR,b,2020,64,0.01936,0.01917,0.5,76931,1475,76193,1364413,17.74
AR,b,2020,65,0.01905,0.01887,0.5,75456,1424,74744,1288219,17.07
AR,b,2020,66,0.02011,0.01991,0.5,74032,1474,73295,1213476,16.39
AR,b,2020,67,0.02306,0.02280,0.5,72558,1654,71730,1140181,15.71
AR,b,2020,68,0.02361,0.02333,0.5,70903,1654,70076,1068451,15.07
AR,b,2020,69,0.02550,0.02518,0.5,69249,1744,68377,998374,14.42
AR,b,2020,70,0.02730,0.02693,0.5,67505,1818,66596,929997,13.78
AR,b,2020,71,0.03095,0.03048,0.5,65687,2002,64686,863401,13.14
AR,b,2020,72,0.03034,0.02989,0.5,63685,1903,62733,798715,12.54
AR,b,2020,73,0.03862,0.03788,0.5,61782,2341,60611,735982,11.91
AR,b,2020,74,0.03585,0.03522,0.5,59441,2093,58394,675371,11.36
AR,b,2020,75,0.04174,0.04088,0.5,57348,2345,56175,616976,10.76
AR,b,2020,76,0.04484,0.04385,0.5,55003,2412,53797,560801,10.20
AR,b,2020,77,0.04943,0.04823,0.5,52591,2537,51323,507004,9.64
AR,b,2020,78,0.05424,0.05281,0.5,50054,2643,48733,455681,9.10
AR,b,2020,79,0.05782,0.05620,0.5,47411,2664,46079,406948,8.58
AR,b,2020,80,0.06656,0.06442,0.5,44747,2883,43306,360869,8.06
AR,b,2020,81,0.06963,0.06729,0.5,41864,2817,40456,317563,7.59
AR,b,2020,82,0.07888,0.07589,0.5,39047,2963,37566,277108,7.10
AR,b,2020,83,0.08645,0.08286,0.5,36084,2990,34589,239542,6.64
AR,b,2020,84,0.10194,0.09700,0.5,33094,3210,31489,204953,6.19
AR,b,2020,85,0.10979,0.10408,0.5,29884,3110,28329,173464,5.80
AR,b,2020,86,0.11664,0.11022,0.5,26774,2951,25298,145135,5.42
AR,b,2020,87,0.13285,0.12458,0.5,23823,2968,22339,119837,5.03
AR,b,2020,88,0.15292,0.14206,0.5,20855,2963,19374,97498,4.68
AR,b,2020,89,0.16410,0.15165,0.5,17893,2713,16536,78124,4.37
AR,b,2020,90,0.18743,0.17137,0.5,15179,2601,13878,61589,4.06
AR,b,2020,91,0.19545,0.17805,0.5,12578,2240,11458,47710,3.79
AR,b,2020,92,0.22113,0.19911,0.5,10338,2059,9309,36252,3.51
AR,b,2020,93,0.25293,0.22454,0.5,8280,1859,7350,26943,3.25
AR,b,2020,94,0.27681,0.24316,0.5,6421,1561,5640,19593,3.05
AR,b,2020,95,0.29277,0.25538,0.5,4859,1241,4239,13953,2.87
AR,b,2020,96,0.31909,0.27519,0.5,3618,996,3121,9714,2.68
AR,b,2020,97,0.34666,0.29545,0.5,2623,775,2235,6593,2.51
AR,b,2020,98,0.37532,0.31602,0.5,1848,584,1556,4358,2.36
AR,b,2020,99,0.40492,0.33675,0.5,1264,426,1051,2802,2.22
AR,b,2020,100,0.43527,0.35747,0.5,838,300,688,1751,2.09
AR,b,2020,101,0.46614,0.37803,0.5,539,204,437,1063,1.97
AR,b,2020,102,0.49730,0.39827,0.5,335,133,268,626,1.87
AR,b,2020,103,0.52852,0.41805,0.5,202,84,159,358,1.77
AR,b,2020,104,0.55955,0.43723,0.5,117,51,92,198,1.69
AR,b,2020,105,0.59016,0.45569,0.5,66,30,51,107,1.61
AR,b,2020,106,0.62010,0.47334,0.5,36,17,27,56,1.55
AR,b,2020,107,0.64919,0.49011,0.5,19,9,14,28,1.49
AR,b,2020,108,0.67724,0.50592,0.5,10,5,7,14,1.44
AR,b,2020,109,0.70409,0.52076,0.5,5,2,4,7,1.40
AR,b,2020,110+,0.72962,1.00000,1.37,2,2,3,3,1.37
