structure(c(60.19, 59.03, 64.33, 65.25, 64.66, 66.25, 63.2, 61.65, 
60.24, 66.93, 64.82, 64.9, 68.14, 67.27, 62.11, 61.21, 64.8, 
61.56, 65.67, 65.1, 67.91, 60.32, 64.69, 64.98, 68.31, 61.61, 
66.18, 64.5, 58.97, 64.91, 61.88, 67.37, 64.74, 65.31, 66.9, 
63.92, 65.45, 57.08, 67.11, 62.39, 62.88, 66.75, 65.63, 59.91, 
66.42, 62.79, 67.38, 65.08, 62.57, 59.66, 65.47, 65.22, 64.46, 
66.48, 63.26, 63.04, 62.47, 66.77, 65.27, 65.8, 68.96, 67.87, 
64.23, 62.65, 65.08, 62.43, 65.87, 65.73, 68.71, 62.57, 66.01, 
66.13, 68.58, 59.2, 67.62, 65.03, 61.02, 65.3, 63.98, 68.96, 
65.47, 66.68, 66.44, 64.31, 65.28, 60.21, 68.12, 64.28, 63.93, 
66.14, 66.47, 61.86, 66, 64.29, 67.78, 65.71, 63.18, 59.87, 66.31, 
65.26, 64.48, 66.08, 62.96, 62.2, 62.51, 66.72, 65.15, 65.42, 
68.85, 67.67, 64.26, 62.63, 64.65, 62, 65.44, 65.3, 68.69, 62.76, 
65.67, 66.09, 67.95, 59.65, 66.16, 64.59, 60.52, 64.8, 64.3, 
68.45, 65.19, 66.45, 65.94, 64.18, 64.37, 60.66, 68.15, 64.44, 
63.83, 66.08, 65.89, 62.97, 65.16, 64.57, 67.46, 66.28, 63.78, 
60.22, 67.66, 65.78, 65.85, 67.17, 63.82, 63.27, 63.42, 67.14, 
66.18, 66.58, 69.05, 68.33, 64.93, 63.42, 65.95, 63.37, 66.65, 
66.27, 69.01, 63.63, 66.72, 66.61, 68.83, 59.79, 66.86, 65.55, 
61.21, 65.91, 65.08, 68.58, 65.85, 67.84, 67.16, 65.01, 65.91, 
61.52, 68.38, 65.05, 64.73, 67.02, 66.72, 63.6, 66.2, 65.46, 
68.21, 65.82, 64.44, 61.53, 67.81, 66.15, 65.91, 67.67, 65.03, 
64.89, 64.18, 67.7, 66.15, 66.74, 69.45, 68.84, 65.51, 64.95, 
66.57, 63.92, 67.03, 66.79, 69.09, 64.87, 66.84, 67.37, 69.3, 
62.02, 67.82, 65.97, 61.58, 66.08, 65.68, 68.89, 66.48, 68.01, 
67.68, 65.44, 67.05, 63.03, 69.1, 65.16, 65.89, 67.59, 67.87, 
63.98, 66.51, 65.64, 68.3, 66.6, 65.48, 64.04, 68.58, 66.69, 
66.96, 67.91, 66.04, 65.73, 65.43, 68.28, 66.5, 67.33, 69.48, 
69.3, 66.06, 65.61, 66.7, 65.1, 67.2, 66.93, 69.16, 65.18, 67.21, 
67.03, 69.49, 63.75, 67.61, 66.93, 62.94, 66.6, 66.32, 68.95, 
67.01, 68.81, 67.91, 66.08, 67.21, 64.19, 69.34, 66, 66.42, 68.29, 
67.85, 64.93, 67.09, 66.59, 68.41, 67.75, 65.16, 64.38, 68.38, 
67.38, 67.45, 68.75, 66.27, 66.13, 65.33, 68.33, 66.66, 67.53, 
69.87, 69.57, 66.34, 65.45, 67.71, 65.54, 67.87, 67.24, 69.44, 
65.24, 67.36, 67.16, 69.56, 63.81, 67.9, 67.2, 64.06, 66.83, 
66.3, 69.13, 67.16, 68.91, 68.67, 66.54, 67.45, 63.93, 69.31, 
66.35, 66.49, 68.52, 67.52, 65.28, 68.15, 66.58, 68.77, 67.08, 
65.48, 63.91, 68.69, 67.83, 67.88, 69.03, 66.42, 66.89, 65.51, 
68.39, 67.47, 68.27, 70.32, 70.09, 66.77, 65.99, 68.51, 66.21, 
68.3, 67.95, 70.04, 65.55, 68.38, 67.34, 70.3, 64.42, 68.75, 
67.84, 64.41, 67.36, 66.78, 69.71, 67.82, 69.46, 68.82, 67.25, 
68.41, 63.75, 69.27, 66.72, 66.54, 68.84, 69.17, 65.94, 68.7, 
66.56, 69.47, 67.07, 65.65, 65.24, 68.38, 68.36, 68.62, 69.81, 
66.98, 67.43, 65.8, 69.41, 67.57, 68.35, 70.73, 70.13, 66.88, 
66.42, 68.52, 66.69, 69.03, 68.1, 70.18, 65.32, 68.19, 67.83, 
70.53, 65.35, 68.95, 68.16, 64.94, 67.83, 66.63, 69.59, 68.32, 
69.47, 69.35, 67.48, 68.84, 64.54, 70.09, 66.89, 67.21, 69.58, 
68.78, 66.03, 69.04, 67.07, 69.57, 67.41, 65.91, 66.08, 69.13, 
69.29, 69.19, 70.07, 66.53, 67.78, 65.75, 69.2, 67.95, 68.56, 
70.53, 70.25, 67.51, 66.62, 69.08, 67.12, 69.71, 68.51, 70.46, 
65.52, 68.6, 68.11, 70.72, 66.02, 69.34, 68.35, 65.86, 68.21, 
66.93, 69.96, 68.73, 69.83, 69.82, 67.7, 68.54, 64.31, 69.83, 
67.11, 67.81, 69.87, 69.31, 66.42, 69.39, 67.42, 69.7, 68, 65.99, 
65.48, 69.02, 69.2, 69.19, 70.08, 67.5, 68.18, 65.8, 69.19, 68.24, 
68.72, 70.9, 70.54, 68, 66.61, 69.14, 68.27, 69.02, 68.59, 70.88, 
65.69, 68.78, 68.34, 70.79, 65.95, 69.7, 68.5, 66.15, 68.44, 
67.35, 70.33, 68.87, 69.67, 69.76, 67.95, 69.27, 64.93, 70.27, 
67.48, 67.44, 69.84, 69.18, 66.87, 69.48, 68.1, 70.01, 68.56, 
66.5, 66.06, 69.34, 69.19, 69.59, 70.34, 67.67, 68.54, 66.43, 
70.05, 68.35, 68.95, 71.09, 70.55, 67.85, 67.08, 69.59, 67.13, 
69.75, 68.93, 71.12, 66.27, 68.74, 68.38, 70.99, 66.78, 69.98, 
68.64, 67.45, 68.61, 67.37, 70.87, 68.83, 70.37, 70.03, 68.31, 
69.5, 64.67, 70.36, 67.98, 68.68, 69.98, 69.92, 67.14, 69.84, 
68.2, 70.07, 68.04, 67.06, 66.38, 69.92, 69.74, 70.07, 70.41, 
67.8, 69.2, 66.89, 69.98, 68.43, 69.45, 71.45, 71.1, 68.64, 67.34, 
69.87, 67.92, 70.06, 68.77, 70.9, 66.78, 69.1, 68.38, 70.94, 
66.24, 70.4, 68.85, 67.74, 68.77, 68.08, 70.69, 68.96, 70.72, 
70.63, 68.55, 69.76, 65.23, 70.92, 68.65, 68.96, 70.58, 70.37, 
67.79, 70.33, 69.11, 70.26, 69.7, 67.97, 68.65, 70.62, 70.43, 
70.43, 70.81, 68.77, 69.86, 67.29, 70.63, 69.32, 70.19, 72.01, 
71.42, 69.44, 68.37, 70.18, 68.7, 70.33, 69.59, 71.81, 68.15, 
69.74, 69.18, 71.78, 67.93, 70.39, 69.61, 68.98, 69.46, 68.66, 
71.3, 69.86, 70.93, 70.98, 69.3, 70.25, 66.47, 71.13, 69.38, 
69.88, 71.45, 70.5, 68.62, 70.68, 69.77, 71.04, 69.61, 68.24, 
68.83, 70.78, 70.44, 70.72, 70.47, 68.32, 70.15, 67.68, 71.09, 
69.28, 69.97, 71.83, 71.88, 69.44, 68.81, 70.2, 68.57, 70.3, 
69.36, 71.81, 68.36, 70.41, 69.1, 71.67, 67.14, 69.87, 69.32, 
69.02, 69.28, 68.75, 70.98, 69.86, 71.44, 70.57, 69.14, 69.92, 
66.41, 71.14, 69.55, 70.26, 71.43, 70.2, 68.71, 70.44, 69.64, 
70.8, 69.88, 68.19, 69.18, 70.59, 70.3, 70.59, 70.92, 69.12, 
69.66, 67.7, 70.94, 69.31, 70.1, 72.19, 71.57, 69.66, 68.15, 
70.58, 68.52, 70.51, 69.6, 71.81, 68.42, 70.36, 68.4, 71.8, 67.62, 
70.58, 69.62, 69.55, 69.56, 68.74, 71.52, 69.74, 71.11, 70.94, 
69.25, 70.56, 66.54, 71.49, 69.71, 69.9, 71.29, 69.94, 68.53, 
70.8, 69.71, 70.97, 69.82, 67.92, 68.68, 70.21, 70.35, 70.34, 
70.67, 68.86, 69.55, 67.36, 70.85, 68.86, 69.91, 71.79, 71.6, 
69.21, 67.48, 70.57, 68.18, 70.35, 69.55, 71.19, 68.08, 69.86, 
68.95, 71.54, 67.73, 70.03, 69.28, 68.65, 69.32, 68.38, 71.14, 
69.57, 70.88, 71.13, 69.01, 70.36, 66.33, 70.9, 69.22, 69.74, 
71.16, 69.79, 68.17, 70.66, 69.08, 70.76, 69.7, 67.56, 69.08, 
70.1, 70.75, 70.71, 70.78, 68.5, 69.34, 67.76, 71.04, 69.29, 
70.24, 72, 71.97, 69.38, 67.53, 70.23, 68.28, 70.19, 70.03, 71.68, 
67.47, 70.25, 69.51, 71.7, 67.25, 70.45, 69.65, 69.25, 69.56, 
68.43, 71.76, 69.85, 70.98, 71.46, 69.3, 70.4, 66.28, 71.26, 
69.05, 70.04, 71.38, 70.54, 68.52, 70.75, 69.38, 70.96, 70.26, 
68.32, 69.1, 70.49, 71.03, 70.78, 71.03, 69.57, 69.97, 67.94, 
71.1, 69.58, 70.48, 71.86, 71.95, 69.89, 68.18, 69.96, 68.7, 
70.81, 70.13, 71.82, 67.96, 70.47, 69.28, 71.95, 67.62, 70.4, 
69.86, 69.55, 69.56, 68.64, 71.75, 70.12, 71.17, 70.63, 69.42, 
70.48, 66.36, 71.1, 69.57, 70.41, 71.59, 70.42, 68.78, 70.78, 
69.56, 71.17, 70.03, 67.92, 69.19, 69.91, 70.81, 70.88, 71.04, 
69.08, 69.81, 67.5, 71.39, 69.56, 70.26, 71.93, 71.88, 69.59, 
67.89, 70.16, 68.63, 70.53, 70.18, 71.82, 67.66, 70.24, 69.56, 
71.98, 67.55, 70.7, 69.92, 69.28, 69.67, 68.18, 71.53, 70.17, 
70.8, 71.01, 69.48, 70.58, 66.08, 70.54, 69.38, 70.18, 71.74, 
70.45, 68.72, 71.05, 69.6, 71.12, 69.17, 68.56, 69.43, 70.47, 
71.07, 71.22, 71.41, 69.87, 70.45, 68.34, 71.29, 69.95, 70.68, 
72.24, 72.15, 69.96, 68.7, 70.35, 69.21, 70.77, 70.53, 72.24, 
68.28, 70.73, 69.95, 72.19, 68.04, 70.81, 70.01, 70.11, 69.84, 
68.8, 72.27, 70.56, 71.15, 71.41, 69.77, 71.1, 66.85, 71.44, 
69.79, 70.81, 71.9, 70.6, 69.28, 71.36, 69.8, 71.69, 70.58, 68.3, 
69.38, 69.76, 71.09, 70.94, 71.11, 69.72, 70.15, 68, 71.38, 69.85, 
70.53, 72.28, 71.99, 69.8, 68.22, 70.27, 69.21, 70.96, 70.42, 
72.28, 67.54, 70.48, 70.31, 72.21, 68.24, 71.03, 70.09, 70.15, 
69.8, 68.63, 71.97, 70.44, 71, 71.58, 69.74, 70.88, 67.07, 70.88, 
69.59, 70.42, 71.8, 70.73, 69, 71.25, 69.53, 71.69, 70.15, 68, 
69.21, 69.57, 70.88, 71.05, 70.99, 69.58, 70.15, 67.66, 71.25, 
69.65, 70.03, 72.08, 71.79, 69.55, 68.22, 70.36, 68.82, 71.4, 
70.17, 72.18, 67.22, 70.21, 70.19, 72.09, 67.73, 70.45, 69.93, 
69.78, 69.76, 68.41, 71.91, 70.24, 70.92, 71.31, 69.57, 70.53, 
66.46, 71.09, 69.28, 70.35, 71.73, 70.6, 68.84, 71.45, 69.16, 
71.51, 69.8, 68.33, 69.66, 69.83, 70.96, 71.02, 71.49, 69.73, 
70.45, 68.01, 71.47, 69.75, 70.47, 72.09, 72.15, 70.02, 68.1, 
70.55, 69.48, 72.56, 70.34, 72.21, 67.76, 70.45, 69.58, 71.91, 
67.68, 70.65, 70.09, 69.91, 69.9, 68.72, 72.02, 70.45, 71.16, 
71.45, 69.95, 70.88, 67.02, 71.42, 69.63, 70.62, 72.22, 70.41, 
69.23, 71.39, 69.78, 71.8, 70, 68.21, 70.44, 70.28, 71.1, 71.5, 
71.44, 69.61, 70.53, 68.11, 71.23, 69.7, 70.39, 72.1, 72.3, 70.19, 
68.02, 70.79, 69.18, 70.78, 70.24, 72.47, 67.87, 70.37, 70.16, 
71.98, 68.19, 70.72, 70.25, 70.26, 70.14, 68.61, 72.16, 70.37, 
71.65, 71.58, 69.84, 70.84, 66.99, 71.88, 69.95, 70.84, 71.94, 
70.5, 69.34, 71.89, 69.46, 71.63, 70.77, 68.26, 70.12, 70.42, 
71.1, 71.68, 71.47, 69.19, 70.51, 68.21, 71.48, 69.44, 70.3, 
72.16, 72.23, 70.07, 68, 70.67, 69.19, 71.17, 70.17, 72.36, 67.55, 
70.23, 69.99, 72.21, 68.7, 70.97, 70.28, 70.21, 70.02, 68.63, 
71.88, 70.38, 71.27, 71.29, 69.87, 71.18, 66.97, 71.63, 69.74, 
70.61, 71.8, 70.69, 69.49, 71.4, 69.43, 71.74, 71.45, 68.98, 
70.71, 70.65, 71.45, 72.01, 71.73, 69.78, 71.03, 68.57, 72.06, 
69.75, 70.64, 72.55, 72.48, 70.07, 68.64, 70.45, 69.76, 71.29, 
70.29, 72.61, 68.04, 70.56, 70.37, 72.58, 69.41, 71.05, 70.61, 
70.49, 70.2, 68.98, 72.83, 70.59, 71.42, 71.64, 70.07, 71.53, 
67.6, 72.5, 70.08, 70.97, 72.86, 70.96, 69.8, 71.49, 69.54, 72.21, 
71.29, 68.61, 70.44, 70.01, 71.51, 71.32, 71.64, 69.31, 70.48, 
67.84, 71.97, 69.47, 70.32, 72.2, 72.24, 69.85, 67.89, 70.59, 
69.45, 71.15, 70.12, 72.52, 67.66, 70.28, 70.89, 72.34, 68.88, 
70.97, 70.3, 70.32, 69.94, 68.68, 72.75, 70.18, 71.25, 71.87, 
69.69, 71.07, 66.89, 72.08, 69.76, 70.42, 72.54, 70.89, 69.29, 
71.19, 69.39, 71.85, 70.7, 68.71, 70.8, 70.32, 71.44, 72.13, 
72.18, 69.8, 70.49, 68.22, 71.89, 69.81, 70.52, 72.52, 72.12, 
69.99, 68.32, 70.87, 70.01, 71.56, 70.4, 72.83, 67.65, 70.2, 
70.49, 72.61, 69.27, 70.97, 70.7, 70.45, 70.26, 68.78, 72.58, 
70.51, 71.25, 71.96, 70.22, 71.74, 67.61, 71.68, 69.87, 70.57, 
73.04, 71.3, 69.76, 71.41, 69.48, 72.18, 70.06, 69.15, 70.89, 
70.75, 71.8, 72.13, 72.57, 69.93, 70.75, 68.37, 72, 70.06, 70.94, 
72.56, 72.81, 70.01, 68.73, 70.66, 70.19, 71.88, 70.7, 73.03, 
68.36, 70.63, 70.8, 72.51, 69.31, 71.55, 70.96, 70.51, 70.47, 
69.26, 72.99, 70.78, 71.06, 72.41, 70.36, 71.73, 68.08, 72.33, 
69.97, 70.84, 72.77, 71.85, 70.24, 71.88, 69.2, 72.47, 70.84, 
69.45, 71.05, 70.94, 72.01, 72.35, 72.9, 70.94, 71.32, 68.95, 
72.14, 70.44, 71.17, 72.75, 72.73, 70.34, 69.34, 71.56, 70.77, 
72.13, 70.83, 73.28, 68.64, 71.14, 70.65, 72.74, 69.75, 71.66, 
71.2, 70.75, 70.83, 69.75, 73.07, 71.15, 71.94, 72.33, 70.73, 
72.31, 68.28, 72.39, 70.6, 71.29, 73.09, 72.2, 70.51, 72.09, 
69.85, 72.93, 70.44, 69.56, 71.86, 70.9, 72.29, 72.81, 72.99, 
70.65, 71.3, 68.99, 72.32, 70.62, 71.29, 72.96, 72.93, 70.46, 
69.22, 71.47, 70.88, 72.34, 70.92, 73.22, 68.92, 71.19, 70.8, 
72.93, 70.47, 72.15, 71.47, 70.86, 71.09, 69.37, 73.49, 71.04, 
71.67, 72.59, 70.94, 72.16, 68.3, 71.5, 70.41, 71.08, 73.23, 
72.79, 70.45, 72.54, 69.69, 72.81, 70.74, 69.6, 71.96, 71.03, 
72.52, 72.66, 73.23, 71.08, 71.26, 69.1, 72.72, 70.65, 71.3, 
73.26, 73.06, 70.45, 69.27, 72.02, 71.46, 72.48, 71.03, 73.79, 
69.07, 71.3, 71.16, 73.39, 70.71, 72.33, 71.78, 70.84, 71.47, 
69.73, 73.23, 71.29, 71.91, 72.67, 71.13, 72.43, 68.18, 72.91, 
70.56, 71.18, 73.33, 72.14, 70.76, 72.55, 70.24, 73.17, 71.17, 
70.18, 72.52, 71.43, 73.03, 73.48, 73.65, 71.21, 72.15, 69.87, 
73.04, 71.14, 72.02, 73.66, 73.41, 71.17, 70.19, 72.27, 71.61, 
72.98, 71.66, 74.28, 70.09, 71.91, 72.27, 73.6, 71.06, 72.55, 
72.3, 71.64, 71.95, 70.7, 73.35, 71.79, 72.11, 73.17, 71.66, 
73.19, 69.12, 73.14, 71.12, 71.93, 74.12, 72.94, 71.42, 73.2, 
70.71, 73.47, 71.25, 71.03, 73.27, 72, 73.35, 74.17, 74.02, 72.42, 
73.03, 70.78, 73.55, 71.81, 72.63, 74.14, 73.93, 71.49, 70.47, 
73.24, 72.22, 73.55, 72.16, 74.73, 70.59, 72.43, 72.62, 74.08, 
71.69, 73.79, 72.88, 72.44, 72.59, 71.26, 74.22, 72.29, 72.37, 
73.73, 72.12, 73.89, 70.16, 73.68, 71.8, 72.46, 74.2, 73.48, 
72.02, 73.58, 70.99, 73.99, 71.61, 71.21, 73.67, 72.72, 73.76, 
74.26, 74.31, 72.74, 73.5, 71.24, 73.63, 72.22, 72.88, 74.41, 
74.25, 72.19, 70.54, 73.51, 72.34, 74.02, 72.39, 75.03, 70.81, 
72.68, 72.41, 74.39, 72.34, 73.85, 73.21, 72.68, 72.64, 71.72, 
74.64, 72.61, 72.65, 73.97, 72.44, 73.72, 70.58, 73.35, 72.11, 
72.7, 74.9, 73.94, 72.34, 73.84, 71.26, 74.28, 71.99, 71.38, 
73.88, 73.07, 74.18, 74.76, 74.73, 73.22, 73.71, 71.31, 74.34, 
72.47, 72.98, 75.23, 74.52, 71.96, 70.8, 74.31, 73, 74.63, 72.89, 
75.52, 71.23, 73, 73.46, 74.83, 72.38, 74.58, 73.37, 73.53, 73.05, 
72, 75.48, 72.75, 73.2, 74.29, 72.83, 73.96, 70.69, 74.31, 72.38, 
73.16, 75.17, 74.56, 72.8, 74.46, 71.78, 74.76, 72.8, 71.91, 
73.89, 72.95, 74.21, 74.89, 74.89, 72.92, 73.93, 71.59, 74.7, 
72.74, 73.19, 75.09, 74.73, 72.48, 71.03, 74.29, 72.96, 74.63, 
73.09, 75.4, 71.37, 73.05, 73.97, 75.03, 72.83, 74.67, 73.71, 
73.45, 73.36, 72.27, 74.8, 73.07, 72.99, 74.54, 73.05, 74.76, 
71.34, 74.41, 72.93, 73.18, 75.08, 74.07, 73.13, 74.62, 71.83, 
74.74, 73.09, 72.36, 74.31, 73.72, 74.54, 75.29, 75.18, 73.17, 
74.09, 72.08, 75.43, 73.04, 73.61, 75.68, 75.33, 72.99, 71.53, 
74.59, 73.33, 75.05, 73.59, 76.13, 71.86, 73.72, 74.16, 75.53, 
72.91, 74.87, 73.94, 73.63, 73.73, 72.92, 75.8, 73.4, 73.51, 
74.99, 73.57, 74.6, 71.69, 74.99, 73.31, 73.52, 75.75, 75.15, 
73.41, 75.19, 72.49, 75.37, 73.67, 72.32, 74.17, 73.34, 74.33, 
75.42, 74.93, 73.15, 73.82, 72.14, 75.16, 73.26, 73.85, 75.75, 
75.16, 72.83, 71.64, 74.42, 73.26, 74.75, 73.65, 76.08, 71.8, 
73.62, 73.81, 75.37, 72.61, 75.09, 73.75, 73.82, 73.4, 72.95, 
75.62, 73.27, 73.58, 74.9, 73.27, 74.63, 71.79, 74.77, 73.05, 
73.59, 75.78, 74.29, 73.32, 75.02, 72.64, 75.29, 73.75, 72.86, 
74.79, 73.88, 74.83, 75.5, 75.39, 73.6, 74.03, 72.42, 75.32, 
73.6, 74.06, 76.07, 75.42, 73.29, 71.86, 75.06, 73.63, 75.26, 
73.74, 76.48, 72.28, 74.06, 74.07, 75.65, 73.48, 75.23, 74.29, 
74.99, 73.81, 73.22, 76.02, 73.76, 73.77, 75.31, 73.84, 75.05, 
72.11, 75.26, 73.52, 73.8, 75.89, 75.27, 73.81, 75.45, 73.17, 
75.55, 74.33, 73.31, 75.25, 74.17, 75.01, 75.86, 75.6, 73.7, 
74.74, 73.07, 75.69, 73.98, 74.54, 76.29, 75.74, 73.54, 72.34, 
75.4, 73.95, 75.51, 74.01, 76.83, 72.63, 74.46, 74.64, 75.97, 
73.34, 75.58, 74.42, 74.68, 74.04, 73.79, 76.65, 74.3, 73.69, 
75.83, 74.28, 75.62, 72.74, 75.48, 73.94, 74.22, 76.13, 75.13, 
74.3, 75.77, 73.45, 75.94, 74.77, 73.38, 75.49, 74.04, 75.35, 
76.23, 75.9, 74.58, 74.91, 72.99, 75.53, 74.05, 74.51, 76.26, 
75.86, 73.42, 72.45, 75.12, 74.01, 75.48, 74.09, 76.78, 72.65, 
74.49, 74.99, 76.16, 74.11, 75.61, 74.49, 75.28, 74.07, 73.93, 
76.79, 74.22, 74.3, 75.66, 74.34, 75.51, 72.65, 75.52, 73.83, 
74.3, 76.56, 75.18, 74.25, 76.04, 73.61, 76, 75.33, 73.29, 75.29, 
73.99, 75.23, 76.14, 75.86, 74.61, 75.17, 73.17, 75.75, 74.42, 
74.74, 76.66, 75.88, 73.82, 72.96, 75.55, 74.18, 75.47, 74.28, 
76.94, 72.81, 74.73, 75.28, 76.33, 74.05, 75.72, 74.67, 75.26, 
74.13, 74.06, 76.78, 74.48, 74.58, 75.53, 74.49, 75.66, 72.94, 
75.94, 73.82, 74.43, 76.31, 75.58, 74.33, 75.86, 73.78, 76.13, 
75.5, 73.3, 75.53, 73.85, 75.14, 76.54, 75.91, 73.93, 74.96, 
73.02, 76.37, 74.42, 74.76, 76.38, 76.16, 73.72, 72.75, 75.09, 
74.02, 75.56, 74.13, 76.89, 72.67, 74.69, 75.56, 76.38, 74.01, 
75.42, 74.53, 75.23, 74.08, 74.01, 77.04, 74.53, 74.54, 75.58, 
74.43, 75.62, 73, 76.11, 73.85, 74.57, 76.53, 75.5, 74.47, 75.86, 
73.78, 76.36, 75.21, 73.28, 75.54, 74.15, 75.29, 76.44, 76.11, 
74.11, 75.17, 73.18, 75.98, 74.34, 74.59, 76.88, 76.22, 73.77, 
73.09, 75.62, 74.08, 75.73, 74.17, 76.89, 72.91, 74.76, 75.58, 
76.38, 74.24, 75.76, 74.66, 75.2, 73.97, 73.93, 77.9, 74.54, 
74.62, 75.94, 74.59, 75.6, 72.82, 75.75, 73.87, 74.79, 77, 75.36, 
74.48, 76.26, 73.58, 76.3, 75.63, 73.6, 75.46, 74.06, 75.3, 76.59, 
76.26, 74.39, 75.24, 73.25, 76.36, 74.61, 75, 76.79, 76.51, 73.99, 
73.27, 75.69, 74.1, 75.91, 74.4, 77.33, 72.87, 74.84, 76, 76.5, 
74.27, 76.19, 74.65, 75.34, 73.99, 74.11, 77.41, 74.79, 75.05, 
75.78, 74.59, 75.73, 73.02, 76.19, 73.91, 75.01, 76.98, 75.5, 
74.79, 76.29, 73.77, 76.49, 76.61, 73.35, 75.66, 73.98, 75.27, 
76.77, 76.28, 74.26, 75.13, 73.15, 76.18, 74.39, 74.85, 76.79, 
76.32, 73.87, 72.99, 75.59, 74.2, 75.78, 74.59, 77.27, 73.14, 
74.98, 76.28, 76.57, 74.12, 76.06, 74.56, 75.5, 73.88, 73.93, 
77.19, 74.83, 74.88, 75.88, 74.74, 76.06, 73.03, 76.55, 73.95, 
74.94, 77.24, 76.38, 74.83, 76.27, 73.88, 76.51, 75.86, 73.53, 
75.93, 74.22, 75.43, 77.16, 76.47, 74.37, 75.41, 73.34, 76.76, 
74.64, 75.33, 77.07, 76.73, 74.05, 72.88, 76.21, 74.54, 76.38, 
74.84, 77.84, 72.85, 75.17, 76.23, 76.83, 74.64, 76.51, 75.02, 
75.76, 74.22, 74.26, 77.76, 75.23, 75.12, 76.15, 75.08, 76.22, 
73.23, 76.69, 74.32, 74.96, 77.55, 76.42, 75.22, 76.77, 74.01, 
76.82, 75.96, 73.65, 76.23, 74.34, 75.82, 77.21, 77.12, 75.04, 
75.66, 73.78, 77.21, 74.92, 75.4, 77.54, 76.95, 74.44, 73.08, 
76.57, 74.88, 76.81, 75.14, 77.84, 73.07, 75.29, 76.36, 76.91, 
74.53, 76.95, 75.43, 76.02, 74.59, 74.7, 77.51, 75.32, 74.97, 
76.47, 75.42, 76.39, 73.62, 77.14, 74.18, 75.18, 78, 76.69, 75.33, 
76.79, 74.43, 76.86, 76.42, 73.64, 76.37, 74.3, 76.07, 77.02, 
77.19, 75.11, 75.96, 73.99, 77.18, 74.94, 75.45, 77.35, 76.73, 
74.46, 73.1, 76.59, 75.14, 77.04, 75.18, 77.87, 73.07, 75.25, 
76.47, 77.17, 74.55, 77.24, 75.64, 75.83, 74.82, 74.76, 77.84, 
75.39, 75.1, 76.91, 75.61, 76.87, 73.88, 77.01, 74.5, 75.38, 
77.94, 77.25, 75.4, 77.17, 74.21, 77.04, 76.67, 74.2, 76.32, 
74.6, 76.32, 77.54, 77.32, 75.49, 76.16, 74.35, 77.36, 75.41, 
75.79, 77.87, 77.22, 74.84, 73.52, 77.01, 75.25, 76.95, 75.59, 
78.15, 73.22, 75.51, 76.63, 77.48, 75.13, 77.59, 75.79, 76.38, 
75.1, 75, 77.96, 75.73, 75.25, 76.99, 75.73, 77.01, 74.09, 76.92, 
74.75, 75.53, 78.27, 76.85, 75.79, 77.19, 74.45, 77.57, 76.44, 
73.83, 76.07, 74.17, 76.25, 77.27, 77.08, 75.41, 75.88, 74.06, 
77.17, 75.08, 75.51, 77.58, 76.79, 74.52, 73.02, 76.68, 75.04, 
76.88, 75.35, 78, 72.95, 75.18, 76.41, 77.14, 74.9, 77.53, 75.71, 
76.14, 74.97, 74.79, 77.96, 75.62, 74.71, 76.53, 75.64, 76.69, 
73.92, 76.86, 74.34, 75.44, 77.92, 76.63, 75.63, 76.96, 74.3, 
77.12, 76.47, 73.94, 76.21, 74.44, 76.38, 77.45, 77.02, 75.32, 
75.97, 74.38, 77.36, 75.17, 75.61, 77.56, 77.08, 74.65, 73.44, 
76.81, 75.14, 77.13, 75.53, 78.09, 72.95, 75.23, 76.89, 77.34, 
74.84, 77.65, 75.94, 76.27, 75.27, 74.96, 77.9, 75.74, 74.84, 
76.78, 75.72, 77.45, 74.19, 77.16, 74.38, 75.65, 78.2, 77.48, 
75.77, 77.33, 74.84, 77.31, 76.75, 73.93, 76.41, 74.55, 76.64, 
77.52, 77.3, 75.8, 75.99, 74.38, 77.6, 75.31, 75.54, 77.61, 77.02, 
74.79, 73.49, 76.92, 75.12, 77.35, 75.71, 78, 73.07, 75.33, 76.67, 
77.55, 75.11, 77.57, 75.99, 76.28, 75.52, 75.1, 77.87, 75.6, 
74.88, 76.81, 75.93, 77.39, 74.12, 77.19, 74.33, 75.88, 78.17, 
77.2, 75.94, 77.45, 74.8, 77.42, 76.28, 74, 76.61, 74.82, 77.1, 
77.7, 77.57, 75.77, 76.52, 74.63, 77.74, 75.81, 75.89, 77.84, 
76.99, 74.98, 73.77, 77.42, 75.52, 77.69, 76.02, 78.38, 73.43, 
75.67, 76.9, 77.4, 75.19, 77.78, 76.46, 76.68, 76.19, 75.22, 
78.13, 75.97, 75.06, 76.92, 76.02, 77.96, 74.25, 77.51, 74.68, 
76.04, 78.49, 77.65, 76.14, 77.45, 74.81, 77.53, 77.07, 74.29, 
77.02, 74.43, 77.44, 78.04, 77.92, 76.17, 76.9, 75.04, 77.75, 
76.36, 76.05, 78.17, 77.35, 75.03, 73.88, 77.4, 75.93, 78.07, 
76.24, 78.76, 73.38, 75.77, 77.08, 77.7, 75.76, 78, 76.97, 76.92, 
76.95, 75.67, 78.43, 76.18, 74.96, 77.33, 76.27, 77.53, 74.77, 
77.67, 74.68, 76.2, 78.4, 77.78, 76.4, 77.93, 74.73, 77.89, 76.97, 
74.29, 77.05, 74.84, 77.64, 77.98, 78.03, 76.36, 76.99, 75.16, 
77.88, 76.4, 76.17, 78.1, 77.34, 75.28, 74.04, 77.38, 76.13, 
78.16, 76.24, 78.86, 73.43, 75.82, 77.23, 77.89, 75.54, 78.09, 
77.38, 77.07, 77.4, 75.66, 78.22, 76.29, 75.15, 77.32, 76.73, 
77.95, 74.78, 77.45, 74.8, 76.51, 78.42, 78.07, 76.62, 77.98, 
74.84, 77.75, 76.81, 74.26, 76.99, 74.95, 77.87, 78.11, 78.43, 
76.7, 76.91, 75.18, 77.77, 76.23, 75.98, 78.21, 77.25, 75.09, 
74.04, 77.56, 76.12, 78.25, 76.14, 78.69, 73.44, 75.77, 77.16, 
77.72, 75.65, 78.3, 77.24, 76.71, 77.34, 75.7, 78.22, 76.15, 
75.02, 77.64, 76.52, 78.16, 74.63, 77.65, 74.96, 76.52, 78.51, 
78.11, 76.71, 77.99, 74.96, 77.8, 76.54, 74.42, 77.13, 74.78, 
78.09, 78.36, 78.25, 76.4, 76.97, 75.1, 78.08, 76.55, 76.02, 
78.33, 77.42, 75.08, 74.09, 77.59, 76.22, 78.22, 76.35, 79.02, 
73.38, 76.08, 77.29, 78.28, 75.94, 78.51, 77.32, 77.13, 77.63, 
75.6, 78.76, 76.33, 75.03, 77.83, 76.65, 77.97, 74.74, 77.98, 
74.71, 76.52, 78.6, 78.19, 76.78, 78.19, 74.88, 77.97, 77.11, 
74.51, 77.29, 75.05, 78.13, 78.34, 78.61, 76.19, 77.04, 75.28, 
78.14, 76.8, 76.27, 78.63, 77.35, 75.12, 74.04, 77.77, 76.39, 
78.27, 76.63, 79.23, 73.69, 76.18, 77.48, 78.3, 75.96, 78.56, 
77.37, 76.94, 77.63, 76.02, 78.42, 76.47, 75.3, 77.85, 76.8, 
77.94, 75.05, 78.03, 75.02, 76.57, 78.64, 78.32, 77.06, 78.26, 
75.1, 78.07, 76.91, 74.5, 77.25, 74.82, 78.37, 78.29, 78.72, 
77.05, 77.21, 75.46, 78.34, 76.87, 76.41, 78.74, 77.35, 74.91, 
74.07, 77.66, 76.66, 78.37, 76.62, 79.2, 73.58, 76.03, 77.11, 
77.9, 76.09, 78.73, 77.79, 76.92, 78.01, 76.2, 78.9, 76.4, 75.05, 
77.69, 76.84, 77.85, 75.08, 78.29, 74.81, 76.6, 78.59, 78.79, 
77.18, 78.33, 74.82, 78.13, 76.58, 74.48, 77.45, 75.15, 78.38, 
78.39, 79.09, 76.98, 77.32, 75.54, 78.15, 77.13, 76.41, 78.65, 
77.71, 75.1, 74.07, 77.94, 76.68, 78.52, 76.92, 79.65, 73.79, 
76.24, 77.23, 78.43, 75.95, 79.2, 78.01, 76.82, 78.31, 76.22, 
78.44, 76.58, 75.07, 77.9, 77.01, 78.06, 75.25, 77.76, 74.85, 
76.85, 78.63, 78.91, 77.14, 78.47, 74.89, 78.51, 76.85, 74.62, 
77.82, 75.26, 78.9, 79.1, 79.34, 77.08, 77.56, 75.91, 78.71, 
77.56, 76.88, 79.24, 77.97, 75.57, 74.15, 78.11, 77.24, 79.01, 
77.33, 80, 74.12, 76.65, 78.13, 78.99, 76.39, 79.03, 78.46, 77.45, 
78.66, 76.55, 79.7, 76.91, 75.44, 78.38, 77.3, 78.72, 75.7, 78.43, 
75.29, 77.28, 78.85, 79.49, 77.76, 78.98, 75.14, 78.87, 77.62, 
74.56, 77.52, 75.33, 78.91, 78.97, 79.5, 77.15, 77.68, 76.13, 
78.69, 77.61, 76.73, 78.98, 77.77, 75.43, 73.66, 77.87, 77.43, 
79.28, 77.23, 80.09, 73.69, 76.63, 77.67, 78.93, 76.08, 79.12, 
78.58, 77.28, 78.83, 76.6, 79.43, 76.77, 75.05, 78.39, 77.24, 
78.65, 75.62, 78.3, 75.23, 77.36, 79.2, 79.38, 77.73, 78.97, 
75.22, 78.72, 77.47, 74.58, 77.71, 75.43, 79.14, 79.38, 79.68, 
77.68, 77.88, 76.28, 78.86, 77.92, 76.84, 79.29, 77.9, 75.57, 
74.66, 78.43, 77.61, 79.54, 77.52, 80.31, 73.95, 76.72, 78.03, 
79.12, 76.57, 79.51, 78.79, 77.34, 79.2, 76.86, 79.27, 77.13, 
75.37, 78.53, 77.58, 78.97, 75.96, 78.66, 75.52, 77.63, 79.22, 
79.45, 78.09, 79.33, 75.23, 79.09, 77.11, 74.88, 78.29, 75.63, 
79.52, 79.59, 80.04, 77.98, 78.24, 76.52, 79.04, 78.25, 77.41, 
79.38, 78.17, 75.86, 74.86, 78.59, 77.8, 79.72, 77.61, 80.56, 
74.35, 77.1, 78.16, 78.98, 77.04, 79.51, 79.25, 77.41, 79.45, 
77.02, 79.79, 77.29, 75.28, 78.76, 77.88, 79.09, 76.14, 79.29, 
75.86, 77.7, 79.22, 79.59, 78.19, 79.34, 75.06, 79.13, 77.34, 
74.94, 78.68, 75.3, 79.82, 79.41, 80.24, 77.63, 78.38, 76.76, 
79.28, 78.12, 77.14, 79, 78.07, 75.81, 74.94, 78.88, 78.11, 79.95, 
77.65, 80.38, 74.37, 76.82, 77.93, 79.04, 77.25, 79.91, 79.4, 
77.3, 79.58, 77.26, 79.49, 77.19, 75.11, 78.91, 77.89, 79.17, 
76.48, 78.98, 75.87, 77.74, 79.75, 79.78, 78.4, 79.32, 75.18, 
79.28, 77.82, 75.25, 78.96, 75.69, 80.15, 79.7, 80.47, 78.14, 
78.71, 77.07, 79.37, 78.59, 77.4, 79.5, 78.49, 75.77, 75.42, 
79.05, 78.41, 80.19, 77.97, 80.79, 74.81, 77.28, 78.24, 79.58, 
77.64, 80.19, 79.85, 77.86, 79.88, 77.57, 79.34, 77.51, 75.6, 
79.24, 78.22, 79.57, 76.78, 79.22, 76.11, 78.12, 79.92, 80.32, 
78.74, 79.62, 75.19, 79.76, 78.07, 75.3, 79.13, 75.93, 80.48, 
80.04, 80.65, 78.2, 78.86, 77.22, 79.41, 78.86, 77.5, 79.55, 
78.52, 75.8, 75.67, 79.07, 78.9, 80.47, 77.99, 80.77, 74.77, 
77.37, 78.5, 79.59, 77.77, 80.27, 79.92, 78.05, 80.14, 77.76, 
79.59, 77.61, 75.65, 79.46, 78.4, 79.47, 76.73, 79.24, 76.14, 
78.29, 79.79, 80.07, 79.01, 80.01, 75.45, 79.6, 77.97, 75.33, 
79.16, 75.82, 80.51, 80.06, 80.63, 78.23, 79.15, 77.54, 79.28, 
78.9, 77.4, 79.51, 78.5, 75.87, 75.92, 79.05, 79.08, 80.48, 78.04, 
80.77, 74.76, 77.41, 78.34, 79.51, 77.69, 80.03, 79.84, 77.87, 
80.17, 77.86, 79.61, 77.47, 75.62, 79.35, 78.27, 79.81, 76.96, 
79.22, 76.26, 78.5, 79.78, 79.82, 78.98, 80.01, 75.11, 79.47, 
78.26, 75.35, 79.16, 75.73, 80.69, 80.27, 80.8, 78.55, 79.35, 
77.71, 79.54, 79.02, 77.43, 79.59, 78.52, 75.71, 75.72, 79.19, 
79.22, 80.78, 78.15, 80.91, 75, 77.53, 78.78, 79.52, 78.02, 80.34, 
80.13, 77.82, 80.39, 77.9, 79.51, 77.52, 75.81, 79.57, 78.46, 
80.13, 77.01, 79.02, 76.23, 78.49, 79.82, 80.21, 79.18, 80.08, 
75.19, 79.68, 78.37, 75.3, 79.28, 75.76, 80.7, 80.35, 80.85, 
78.82, 79.42, 77.55, 79.21, 79.15, 77.26, 79.51, 78.6, 76.07, 
75.54, 78.91, 79.14, 80.65, 78.04, 80.81, 74.63, 77.47, 78.29, 
79.63, 77.93, 80.3, 80.16, 78.15, 80.44, 77.99, 79.28, 77.55, 
75.58, 79.44, 78.49, 79.69, 77.01, 79.59, 76.27, 78.47, 79.64, 
79.83, 79.27, 80.18, 75.32, 79.44, 78.64, 75.44, 79.38, 75.83, 
81.04, 80.18, 80.97, 78.79, 79.39, 77.55, 79.35, 79.05, 77.35, 
79.48, 78.55, 75.74, 75.61, 79.11, 79.28, 80.55, 78.01, 80.9, 
74.81, 77.43, 78.78, 79.4, 78.09, 79.87, 80.29, 77.61, 80.69, 
77.94, 79.71, 77.53, 75.62, 79.49, 78.64, 79.95, 77.02, 79.13, 
76.14, 78.46, 79.65, 80.06, 79.34, 80.18, 75.21, 79.57, 78.27, 
75.25, 79.23, 75.55, 80.75, 80.18, 80.68, 78.33, 79.26, 77.34, 
79.41, 79.03, 77.12, 79.45, 78.35, 75.39, 75.75, 78.47, 79.1, 
80.2, 77.94, 80.72, 74.53, 77.18, 77.99, 79.11, 77.93, 79.51, 
80.29, 77.67, 80.62, 77.72, 79.36, 77.16, 75.54, 79.31, 78.29, 
79.51, 76.73, 78.83, 76.03, 78.45, 79.5, 79.7, 79.19, 79.95, 
75.02, 79.46, 78.08, 75.07, 79.02, 75.59, 80.82, 79.99, 80.7, 
78.22, 79.06, 77.36, 79.3, 78.94, 76.99, 79.26, 78.49, 75.07, 
75.74, 78.61, 78.72, 80.36, 77.82, 80.76, 74.62, 77.18, 78.35, 
79.51, 77.78, 79.28, 80.13, 77.35, 80.57, 77.67, 79.57, 76.89, 
75.64, 79.48, 78.06, 79.9, 76.75, 78.83, 75.85, 78.58, 79.38, 
79.61, 79.19, 80.19, 74.7, 79.26, 78.65, 75.28, 79.17, 75.43, 
80.85, 80.14, 80.51, 78.09, 79.09, 77.5, 79.24, 78.83, 76.7, 
79.13, 78.22, 75.17, 75.58, 78.38, 78.69, 80.21, 77.83, 80.65, 
74.61, 76.98, 78.46, 79.22, 77.84, 79.41, 80.01, 77.46, 80.74, 
77.57, 79.63, 76.5, 75.59, 79.38, 77.9, 79.58, 76.76, 78.61, 
75.66, 78.52, 79.62, 79.52, 79.12, 80, 74.46, 79.26, 78.84, 75.27, 
79.19, 75.8, 81.02, 80.29, 80.65, 78, 79.36, 77.57, 79.31, 78.92, 
77, 79.31, 78.15, 75.39, 75.76, 78.73, 78.83, 80.32, 77.82, 80.73, 
74.75, 76.78, 78.88, 79.25, 78.19, 79.41, 80.05, 77.45, 80.83, 
77.82, 79.62, 76.86, 75.75, 79.8, 78.27, 79.98, 76.76, 79.03, 
75.72, 78.65, 79.79, 79.5, 79.22, 80.17, 74.53, 79.28, 78.42, 
75.48, 79.31, 75.87, 81.15, 80.25, 80.56, 78.37, 79.54, 77.76, 
79.69, 79.2, 77.12, 79.15, 78.28, 75.62, 75.89, 78.52, 78.95, 
80.63, 78.08, 80.67, 74.54, 77.13, 78.63, 79.38, 78.32, 79.67, 
80.4, 77.17, 81.06, 77.8, 79.17, 77.01, 75.86, 79.66, 78.5, 79.79, 
76.93, 78.54, 75.77, 78.82, 79.92, 80.02, 79.34, 80.2, 74.68, 
79.3, 78.25, 73.52, 76.58, 73.92, 79.24, 78.49, 78.68, 76.95, 
77.98, 75.83, 78.57, 77.03, 75.17, 77.6, 76.53, 73.69, 73.19, 
78.05, 77.21, 79.26, 76.17, 79.29, 71.93, 75.23, 77.01, 77.89, 
76.46, 79.27, 77.93, 74.77, 78.25, 76.22, 77.36, 75.39, 74.18, 
78.85, 77, 78.65, 74.77, 76.8, 73.9, 76.64, 78.75, 79.29, 77.83, 
79.37, 72.99, 77.76, 76.58, 72.18, 75.45, 72.67, 78.58, 77.92, 
79.38, 76.49, 76.67, 74.56, 77.18, 77.34, 74.66, 77.78, 76.06, 
72.44, 72.33, 76.88, 77.54, 79.82, 75.73, 78.99, 70.97, 74.76, 
75.99, 77.89, 75.43, 78.71, 79.25, 73.3, 79.43, 75.02, 77.96, 
74.57, 72.76, 77.49, 76.53, 78.8, 73.58, 76.69, 72.44, 75.65, 
78.22, 78.62, 77, 78.34, 71.11, 77.75, 75.2, 74.07, 77.29, 74.1, 
79.72, 78.7, 79.67, 76.7, 78.54, 76.12, 78.5, 77.84, 75.47, 78.05, 
76.54, 73.68, 73.98, 76.79, 78.21, 80.06, 76.89, 79.42, 72.72, 
75.4, 77.5, 78.42, 76.83, 78.89, 79.95, 74.84, 80.08, 75.99, 
78.38, 75.72, 73.93, 77.76, 77.48, 79.54, 75.23, 77.31, 73.9, 
77.4, 79.06, 78.53, 77.72, 78.55, 72.38, 78.06, 77.12), dim = c(48L, 
82L), dimnames = list(PopName = c("AL", "AZ", "AR", "CA", "CO", 
"CT", "DE", "FL", "GA", "ID", "IL", "IN", "IA", "KS", "KY", "LA", 
"ME", "MD", "MA", "MI", "MN", "MS", "MO", "MT", "NE", "NV", "NH", 
"NJ", "NM", "NY", "NC", "ND", "OH", "OK", "OR", "PA", "RI", "SC", 
"SD", "TN", "TX", "UT", "VT", "VA", "WA", "WV", "WI", "WY"), 
    Year = c("1941", "1942", "1943", "1944", "1945", "1946", 
    "1947", "1948", "1949", "1950", "1951", "1952", "1953", "1954", 
    "1955", "1956", "1957", "1958", "1959", "1960", "1961", "1962", 
    "1963", "1964", "1965", "1966", "1967", "1968", "1969", "1970", 
    "1971", "1972", "1973", "1974", "1975", "1976", "1977", "1978", 
    "1979", "1980", "1981", "1982", "1983", "1984", "1985", "1986", 
    "1987", "1988", "1989", "1990", "1991", "1992", "1993", "1994", 
    "1995", "1996", "1997", "1998", "1999", "2000", "2001", "2002", 
    "2003", "2004", "2005", "2006", "2007", "2008", "2009", "2010", 
    "2011", "2012", "2013", "2014", "2015", "2016", "2017", "2018", 
    "2019", "2020", "2021", "2022")))
